5.216000000000000000e+03 1.201441999999999961e-02
5.224000000000000000e+03 7.754943999999999726e-03
5.232000000000000000e+03 1.294118000000000004e-02
5.240000000000000000e+03 1.612902999999999906e-02
5.248000000000000000e+03 1.638718999999999940e-02
5.256000000000000000e+03 1.925982000000000041e-02
5.264000000000000000e+03 1.801470999999999975e-02
5.272000000000000000e+03 1.790730000000000099e-02
5.280000000000000000e+03 2.408785000000000093e-02
5.288000000000000000e+03 2.914001000000000091e-02
5.296000000000000000e+03 2.908586999999999978e-02
5.304000000000000000e+03 4.589808000000000082e-02
5.312000000000000000e+03 4.890922000000000325e-02
5.320000000000000000e+03 5.512910000000000033e-02
5.328000000000000000e+03 6.581167999999999740e-02
5.336000000000000000e+03 8.675025000000000097e-02
5.344000000000000000e+03 9.906723000000000612e-02
5.352000000000000000e+03 1.086751999999999996e-01
5.360000000000000000e+03 1.454123999999999972e-01
5.368000000000000000e+03 1.649190000000000100e-01
5.376000000000000000e+03 1.929710000000000036e-01
5.384000000000000000e+03 2.351396000000000042e-01
5.392000000000000000e+03 2.650264999999999982e-01
5.400000000000000000e+03 3.695583000000000062e-01
5.408000000000000000e+03 4.021871000000000196e-01
5.416000000000000000e+03 4.829510000000000192e-01
5.424000000000000000e+03 5.382677000000000156e-01
5.432000000000000000e+03 5.773163999999999518e-01
5.440000000000000000e+03 5.997019000000000100e-01
5.448000000000000000e+03 6.323528999999999956e-01
5.456000000000000000e+03 6.838303999999999494e-01
5.464000000000000000e+03 6.763635999999999537e-01
5.472000000000000000e+03 7.444794999999999607e-01
5.480000000000000000e+03 7.344920999999999811e-01
5.488000000000000000e+03 7.290124000000000049e-01
5.496000000000000000e+03 7.127495999999999832e-01
5.504000000000000000e+03 6.918294999999999861e-01
5.512000000000000000e+03 7.304724000000000217e-01
5.520000000000000000e+03 6.936833000000000027e-01
5.528000000000000000e+03 6.670490999999999504e-01
5.536000000000000000e+03 7.044262999999999497e-01
5.544000000000000000e+03 7.041030999999999818e-01
5.552000000000000000e+03 7.415291999999999994e-01
5.560000000000000000e+03 6.866164999999999630e-01
5.568000000000000000e+03 6.459259000000000528e-01
5.576000000000000000e+03 6.807229000000000196e-01
5.584000000000000000e+03 5.931471999999999856e-01
5.592000000000000000e+03 5.408458999999999905e-01
5.600000000000000000e+03 5.421477999999999575e-01
5.608000000000000000e+03 4.979861999999999900e-01
5.616000000000000000e+03 4.269663000000000208e-01
5.624000000000000000e+03 4.006299999999999861e-01
5.632000000000000000e+03 3.272472000000000159e-01
5.640000000000000000e+03 2.822172000000000014e-01
5.648000000000000000e+03 2.726198000000000232e-01
5.656000000000000000e+03 2.458690000000000042e-01
5.664000000000000000e+03 2.217097000000000095e-01
5.672000000000000000e+03 1.847389000000000114e-01
5.680000000000000000e+03 1.401113999999999971e-01
5.688000000000000000e+03 1.345097000000000098e-01
5.696000000000000000e+03 1.193324000000000051e-01
5.704000000000000000e+03 1.086398999999999976e-01
5.712000000000000000e+03 1.061614000000000030e-01
5.720000000000000000e+03 9.384658999999999363e-02
5.728000000000000000e+03 7.857335000000000014e-02
5.736000000000000000e+03 6.640841000000000105e-02
5.744000000000000000e+03 6.432269999999999655e-02
5.752000000000000000e+03 5.169094999999999940e-02
5.760000000000000000e+03 5.465804999999999969e-02
5.768000000000000000e+03 3.910309000000000007e-02
5.776000000000000000e+03 3.666578999999999672e-02
5.784000000000000000e+03 3.554120000000000196e-02
5.792000000000000000e+03 3.688960000000000156e-02
5.800000000000000000e+03 3.095302999999999943e-02
5.808000000000000000e+03 2.659293999999999894e-02
5.816000000000000000e+03 3.240135999999999711e-02
5.824000000000000000e+03 2.387063999999999853e-02
5.832000000000000000e+03 1.894418000000000143e-02
5.840000000000000000e+03 1.893333000000000169e-02
5.848000000000000000e+03 1.952827999999999856e-02
5.856000000000000000e+03 1.709832000000000019e-02
5.864000000000000000e+03 1.292775999999999995e-02
5.872000000000000000e+03 2.178423000000000165e-02
5.880000000000000000e+03 1.364221000000000010e-02
5.888000000000000000e+03 1.084812999999999923e-02
5.896000000000000000e+03 1.354872000000000021e-02
5.904000000000000000e+03 1.118846000000000077e-02
5.912000000000000000e+03 1.148862999999999968e-02
5.920000000000000000e+03 8.926474000000000214e-03
