9.0000000e+02 9.1000000e+02 inf
9.1000000e+02 9.2000000e+02 inf
9.2000000e+02 9.3000000e+02 inf
9.3000000e+02 9.4000000e+02 inf
9.4000000e+02 9.5000000e+02 inf
9.5000000e+02 9.6000000e+02 inf
9.6000000e+02 9.7000000e+02 9.2930331e-01
9.7000000e+02 9.8000000e+02 1.0001316e+00
9.8000000e+02 9.9000000e+02 1.0072622e+00
9.9000000e+02 1.0000000e+03 8.7865959e-01
1.0000000e+03 1.0100000e+03 9.4787443e-01
1.0100000e+03 1.0200000e+03 9.6567712e-01
1.0200000e+03 1.0300000e+03 9.9754403e-01
1.0300000e+03 1.0400000e+03 9.4730176e-01
1.0400000e+03 1.0500000e+03 9.6400110e-01
1.0500000e+03 1.0600000e+03 9.6580140e-01
1.0600000e+03 1.0700000e+03 9.3718634e-01
1.0700000e+03 1.0800000e+03 9.6371132e-01
1.0800000e+03 1.0900000e+03 9.5311134e-01
1.0900000e+03 1.1000000e+03 9.2180725e-01
1.1000000e+03 1.1100000e+03 7.3531920e-01
1.1100000e+03 1.1200000e+03 7.1318556e-01
1.1200000e+03 1.1300000e+03 7.6118855e-01
1.1300000e+03 1.1400000e+03 8.3988025e-01
1.1400000e+03 1.1500000e+03 8.8154558e-01
1.1500000e+03 1.1600000e+03 8.2834537e-01
1.1600000e+03 1.1700000e+03 8.9576989e-01
1.1700000e+03 1.1800000e+03 9.2679854e-01
1.1800000e+03 1.1900000e+03 8.8598096e-01
1.1900000e+03 1.2000000e+03 6.2204720e-01
1.2000000e+03 1.2100000e+03 9.1748124e-01
1.2100000e+03 1.2200000e+03 9.9893681e-01
1.2200000e+03 1.2300000e+03 8.8652248e-01
1.2300000e+03 1.2400000e+03 8.6923834e-01
1.2400000e+03 1.2500000e+03 5.6600192e-01
1.2500000e+03 1.2600000e+03 5.2622828e-01
1.2600000e+03 1.2700000e+03 4.6953633e-01
1.2700000e+03 1.2800000e+03 5.8725024e-01
1.2800000e+03 1.2900000e+03 6.6246074e-01
1.2900000e+03 1.3000000e+03 6.6726058e-01
1.3000000e+03 1.3100000e+03 4.6736400e-01
1.3100000e+03 1.3200000e+03 6.3305390e-01
1.3200000e+03 1.3300000e+03 6.1922153e-01
1.3300000e+03 1.3400000e+03 6.1674911e-01
1.3400000e+03 1.3500000e+03 7.2528986e-01
1.3500000e+03 1.3600000e+03 7.1417084e-01
1.3600000e+03 1.3700000e+03 7.2872432e-01
1.3700000e+03 1.3800000e+03 6.5854661e-01
1.3800000e+03 1.3900000e+03 6.0187190e-01
1.3900000e+03 1.4000000e+03 5.7326712e-01
1.4000000e+03 1.4100000e+03 6.7132455e-01
1.4100000e+03 1.4200000e+03 6.3043592e-01
1.4200000e+03 1.4300000e+03 6.7403103e-01
1.4300000e+03 1.4400000e+03 6.8061949e-01
1.4400000e+03 1.4500000e+03 7.3529861e-01
1.4500000e+03 1.4600000e+03 7.4788971e-01
1.4600000e+03 1.4700000e+03 6.8638710e-01
1.4700000e+03 1.4800000e+03 6.5135870e-01
1.4800000e+03 1.4900000e+03 7.2589617e-01
1.4900000e+03 1.5000000e+03 7.8456824e-01
1.5000000e+03 1.5100000e+03 7.9640618e-01
1.5100000e+03 1.5200000e+03 4.7906246e-01
1.5200000e+03 1.5300000e+03 9.7385490e-02
1.5300000e+03 1.5400000e+03 6.4460756e-02
1.5400000e+03 1.5500000e+03 1.7120071e-01
1.5500000e+03 1.5600000e+03 2.1868909e-01
1.5600000e+03 1.5700000e+03 2.0015233e-01
1.5700000e+03 1.5800000e+03 3.5019689e-01
1.5800000e+03 1.5900000e+03 3.4446887e-01
1.5900000e+03 1.6000000e+03 4.1772849e-01
1.6000000e+03 1.6100000e+03 4.8678282e-01
1.6100000e+03 1.6200000e+03 3.5975635e-01
1.6200000e+03 1.6300000e+03 1.2581261e-01
1.6300000e+03 1.6400000e+03 2.8885188e-01
1.6400000e+03 1.6500000e+03 4.3552084e-01
1.6500000e+03 1.6600000e+03 2.3669169e-01
1.6600000e+03 1.6700000e+03 3.9956219e-01
1.6700000e+03 1.6800000e+03 1.0127255e-01
1.6800000e+03 1.6900000e+03 1.0353875e-01
1.6900000e+03 1.7000000e+03 7.2147625e-02
1.7000000e+03 1.7100000e+03 1.6823580e-01
1.7100000e+03 1.7200000e+03 2.6949750e-01
1.7200000e+03 1.7300000e+03 2.8127696e-01
1.7300000e+03 1.7400000e+03 3.1881098e-01
1.7400000e+03 1.7500000e+03 2.6906286e-01
1.7500000e+03 1.7600000e+03 3.4954065e-01
1.7600000e+03 1.7700000e+03 1.7516190e-01
1.7700000e+03 1.7800000e+03 3.0376711e-01
1.7800000e+03 1.7900000e+03 3.7254110e-01
1.7900000e+03 1.8000000e+03 3.5746794e-01
1.8000000e+03 1.8100000e+03 2.2744884e-01
1.8100000e+03 1.8200000e+03 2.4221026e-01
1.8200000e+03 1.8300000e+03 1.9636066e-01
1.8300000e+03 1.8400000e+03 2.3795418e-01
1.8400000e+03 1.8500000e+03 1.0290986e-01
1.8500000e+03 1.8600000e+03 2.1596504e-01
1.8600000e+03 1.8700000e+03 3.9869359e-01
1.8700000e+03 1.8800000e+03 3.7916095e-01
1.8800000e+03 1.8900000e+03 3.5795527e-01
1.8900000e+03 1.9000000e+03 3.4970893e-01
1.9000000e+03 1.9100000e+03 3.3341254e-01
1.9100000e+03 1.9200000e+03 3.5810330e-01
1.9200000e+03 1.9300000e+03 1.9958480e-01
1.9300000e+03 1.9400000e+03 5.0104734e-02
1.9400000e+03 1.9500000e+03 2.3579945e-01
1.9500000e+03 1.9600000e+03 3.7814358e-01
1.9600000e+03 1.9700000e+03 4.9619214e-01
1.9700000e+03 1.9800000e+03 4.8382988e-01
1.9800000e+03 1.9900000e+03 3.3338744e-01
1.9900000e+03 2.0000000e+03 3.7825601e-01
2.0000000e+03 2.0100000e+03 3.7387661e-01
2.0100000e+03 2.0200000e+03 4.5362180e-01
2.0200000e+03 2.0300000e+03 2.5288664e-01
2.0300000e+03 2.0400000e+03 4.8710612e-01
2.0400000e+03 2.0500000e+03 5.5304884e-01
2.0500000e+03 2.0600000e+03 5.2235055e-01
2.0600000e+03 2.0700000e+03 4.6365962e-01
2.0700000e+03 2.0800000e+03 2.0725748e-01
2.0800000e+03 2.0900000e+03 4.4342397e-02
2.0900000e+03 2.1000000e+03 1.0539142e-01
2.1000000e+03 2.1100000e+03 1.7278722e-01
2.1100000e+03 2.1200000e+03 2.4615885e-01
2.1200000e+03 2.1300000e+03 1.2964379e-01
2.1300000e+03 2.1400000e+03 1.9605955e-01
2.1400000e+03 2.1500000e+03 2.7955250e-01
2.1500000e+03 2.1600000e+03 2.4190124e-01
2.1600000e+03 2.1700000e+03 2.0782857e-01
2.1700000e+03 2.1800000e+03 1.7824932e-01
2.1800000e+03 2.1900000e+03 3.1499409e-01
2.1900000e+03 2.2000000e+03 2.5600972e-01
2.2000000e+03 2.2100000e+03 2.2368321e-01
2.2100000e+03 2.2200000e+03 1.5652366e-01
2.2200000e+03 2.2300000e+03 2.5955065e-01
2.2300000e+03 2.2400000e+03 3.2967040e-01
2.2400000e+03 2.2500000e+03 2.9843825e-01
2.2500000e+03 2.2600000e+03 1.7603889e-01
2.2600000e+03 2.2700000e+03 1.7200418e-01
2.2700000e+03 2.2800000e+03 1.4457128e-01
2.2800000e+03 2.2900000e+03 2.5433735e-01
2.2900000e+03 2.3000000e+03 1.7151991e-01
2.3000000e+03 2.3100000e+03 2.7650548e-01
2.3100000e+03 2.3200000e+03 1.6619628e-01
2.3200000e+03 2.3300000e+03 1.9393730e-01
2.3300000e+03 2.3400000e+03 1.5469379e-01
2.3400000e+03 2.3500000e+03 9.9873033e-02
2.3500000e+03 2.3600000e+03 2.2253867e-01
2.3600000e+03 2.3700000e+03 1.2012111e-01
2.3700000e+03 2.3800000e+03 1.6455679e-01
2.3800000e+03 2.3900000e+03 8.4954223e-02
2.3900000e+03 2.4000000e+03 1.1938592e-01
2.4000000e+03 2.4100000e+03 1.2378602e-01
2.4100000e+03 2.4200000e+03 1.3018627e-01
2.4200000e+03 2.4300000e+03 2.3097938e-01
2.4300000e+03 2.4400000e+03 2.0506565e-01
2.4400000e+03 2.4500000e+03 2.7291181e-01
2.4500000e+03 2.4600000e+03 2.8687119e-01
2.4600000e+03 2.4700000e+03 2.1479483e-01
2.4700000e+03 2.4800000e+03 1.8545115e-01
2.4800000e+03 2.4900000e+03 8.1869028e-02
2.4900000e+03 2.5000000e+03 1.6822320e-01
2.5000000e+03 2.5100000e+03 2.4415771e-01
2.5100000e+03 2.5200000e+03 3.4414908e-02
2.5200000e+03 2.5300000e+03 2.2946796e-02
2.5300000e+03 2.5400000e+03 3.2536354e-02
2.5400000e+03 2.5500000e+03 4.2100928e-02
2.5500000e+03 2.5600000e+03 9.8748576e-02
2.5600000e+03 2.5700000e+03 8.7097542e-02
2.5700000e+03 2.5800000e+03 1.2627755e-01
2.5800000e+03 2.5900000e+03 1.3515397e-01
2.5900000e+03 2.6000000e+03 8.9126221e-02
2.6000000e+03 2.6100000e+03 1.1646424e-01
2.6100000e+03 2.6200000e+03 8.3320197e-02
2.6200000e+03 2.6300000e+03 1.1416471e-01
2.6300000e+03 2.6400000e+03 2.1146740e-01
2.6400000e+03 2.6500000e+03 2.3739868e-01
2.6500000e+03 2.6600000e+03 3.2845720e-01
2.6600000e+03 2.6700000e+03 1.9529779e-01
2.6700000e+03 2.6800000e+03 2.2258848e-01
2.6800000e+03 2.6900000e+03 2.7785951e-01
2.6900000e+03 2.7000000e+03 2.1794497e-01
2.7000000e+03 2.7100000e+03 2.2155776e-01
2.7100000e+03 2.7200000e+03 1.6620115e-01
2.7200000e+03 2.7300000e+03 1.4342307e-01
2.7300000e+03 2.7400000e+03 1.4069534e-01
2.7400000e+03 2.7500000e+03 1.0186077e-01
2.7500000e+03 2.7600000e+03 1.5654552e-01
2.7600000e+03 2.7700000e+03 1.8443360e-01
2.7700000e+03 2.7800000e+03 1.6310224e-01
2.7800000e+03 2.7900000e+03 9.7893333e-02
2.7900000e+03 2.8000000e+03 4.6517329e-02
2.8000000e+03 2.8100000e+03 6.2955066e-02
2.8100000e+03 2.8200000e+03 1.7146723e-01
2.8200000e+03 2.8300000e+03 2.2758989e-01
2.8300000e+03 2.8400000e+03 1.8478259e-01
2.8400000e+03 2.8500000e+03 8.7948360e-02
2.8500000e+03 2.8600000e+03 6.0156586e-02
2.8600000e+03 2.8700000e+03 1.6101209e-01
2.8700000e+03 2.8800000e+03 2.6539950e-01
2.8800000e+03 2.8900000e+03 2.4475020e-01
2.8900000e+03 2.9000000e+03 3.5612723e-01
2.9000000e+03 2.9100000e+03 4.1906274e-01
2.9100000e+03 2.9200000e+03 3.7862443e-01
2.9200000e+03 2.9300000e+03 3.2982773e-01
2.9300000e+03 2.9400000e+03 3.7659545e-01
2.9400000e+03 2.9500000e+03 2.8698826e-01
2.9500000e+03 2.9600000e+03 3.7963285e-01
2.9600000e+03 2.9700000e+03 2.9809992e-01
2.9700000e+03 2.9800000e+03 3.6662146e-01
2.9800000e+03 2.9900000e+03 2.9079598e-01
2.9900000e+03 3.0000000e+03 3.6920985e-01
3.0000000e+03 3.0100000e+03 2.7933535e-01
3.0100000e+03 3.0200000e+03 3.4222667e-01
3.0200000e+03 3.0300000e+03 3.3285548e-01
3.0300000e+03 3.0400000e+03 3.7889166e-01
3.0400000e+03 3.0500000e+03 3.5933877e-01
3.0500000e+03 3.0600000e+03 3.2931189e-01
3.0600000e+03 3.0700000e+03 3.8286204e-01
3.0700000e+03 3.0800000e+03 4.1422439e-01
3.0800000e+03 3.0900000e+03 4.1321423e-01
3.0900000e+03 3.1000000e+03 2.7787717e-01
3.1000000e+03 3.1100000e+03 3.8816264e-01
3.1100000e+03 3.1200000e+03 4.2638592e-01
3.1200000e+03 3.1300000e+03 3.8937137e-01
3.1300000e+03 3.1400000e+03 3.8835894e-01
3.1400000e+03 3.1500000e+03 3.4729622e-01
3.1500000e+03 3.1600000e+03 3.7419401e-01
3.1600000e+03 3.1700000e+03 3.3137999e-01
3.1700000e+03 3.1800000e+03 4.7593422e-01
3.1800000e+03 3.1900000e+03 3.6073153e-01
3.1900000e+03 3.2000000e+03 3.7279624e-01
3.2000000e+03 3.2100000e+03 4.2245425e-01
3.2100000e+03 3.2200000e+03 3.5851924e-01
3.2200000e+03 3.2300000e+03 3.2422052e-01
3.2300000e+03 3.2400000e+03 3.4537573e-01
3.2400000e+03 3.2500000e+03 4.2074404e-01
3.2500000e+03 3.2600000e+03 4.7537509e-01
3.2600000e+03 3.2700000e+03 5.0978008e-01
3.2700000e+03 3.2800000e+03 4.8422629e-01
3.2800000e+03 3.2900000e+03 4.6814073e-01
3.2900000e+03 3.3000000e+03 5.4526983e-01
3.3000000e+03 3.3100000e+03 4.9587467e-01
3.3100000e+03 3.3200000e+03 4.7151028e-01
3.3200000e+03 3.3300000e+03 4.9373559e-01
3.3300000e+03 3.3400000e+03 4.8056444e-01
3.3400000e+03 3.3500000e+03 4.8750015e-01
3.3500000e+03 3.3600000e+03 4.5385370e-01
3.3600000e+03 3.3700000e+03 3.6153063e-01
3.3700000e+03 3.3800000e+03 4.2582832e-01
3.3800000e+03 3.3900000e+03 4.5250596e-01
3.3900000e+03 3.4000000e+03 4.3186520e-01
3.4000000e+03 3.4100000e+03 4.4569371e-01
3.4100000e+03 3.4200000e+03 4.2385204e-01
3.4200000e+03 3.4300000e+03 4.1219742e-01
3.4300000e+03 3.4400000e+03 4.4933298e-01
3.4400000e+03 3.4500000e+03 4.0742584e-01
3.4500000e+03 3.4600000e+03 5.1481728e-01
3.4600000e+03 3.4700000e+03 4.6250142e-01
3.4700000e+03 3.4800000e+03 4.5120602e-01
3.4800000e+03 3.4900000e+03 5.7312789e-01
3.4900000e+03 3.5000000e+03 4.4793510e-01
3.5000000e+03 3.5100000e+03 5.5709339e-01
3.5100000e+03 3.5200000e+03 4.8808075e-01
3.5200000e+03 3.5300000e+03 4.4080091e-01
3.5300000e+03 3.5400000e+03 5.3005227e-01
3.5400000e+03 3.5500000e+03 5.4287650e-01
3.5500000e+03 3.5600000e+03 5.1952024e-01
3.5600000e+03 3.5700000e+03 4.1857599e-01
3.5700000e+03 3.5800000e+03 3.6702592e-01
3.5800000e+03 3.5900000e+03 3.1612526e-01
3.5900000e+03 3.6000000e+03 5.2343161e-01
3.6000000e+03 3.6100000e+03 4.4793209e-01
3.6100000e+03 3.6200000e+03 4.0991712e-01
3.6200000e+03 3.6300000e+03 5.6797215e-01
3.6300000e+03 3.6400000e+03 4.4415730e-01
3.6400000e+03 3.6500000e+03 4.3558951e-01
3.6500000e+03 3.6600000e+03 6.1747597e-01
3.6600000e+03 3.6700000e+03 5.6212931e-01
3.6700000e+03 3.6800000e+03 5.5939619e-01
3.6800000e+03 3.6900000e+03 5.2302142e-01
3.6900000e+03 3.7000000e+03 5.9636981e-01
3.7000000e+03 3.7100000e+03 4.8056580e-01
3.7100000e+03 3.7200000e+03 6.1231995e-01
3.7200000e+03 3.7300000e+03 5.0268046e-01
3.7300000e+03 3.7400000e+03 4.0935306e-01
3.7400000e+03 3.7500000e+03 3.9620671e-01
3.7500000e+03 3.7600000e+03 5.1765653e-01
3.7600000e+03 3.7700000e+03 4.7852251e-01
3.7700000e+03 3.7800000e+03 6.2562418e-01
3.7800000e+03 3.7900000e+03 5.3071001e-01
3.7900000e+03 3.8000000e+03 4.4867499e-01
3.8000000e+03 3.8100000e+03 5.3733383e-01
3.8100000e+03 3.8200000e+03 4.2731143e-01
3.8200000e+03 3.8300000e+03 3.0180551e-01
3.8300000e+03 3.8400000e+03 3.2472564e-01
3.8400000e+03 3.8500000e+03 3.9848563e-01
3.8500000e+03 3.8600000e+03 3.6801714e-01
3.8600000e+03 3.8700000e+03 4.4522316e-01
3.8700000e+03 3.8800000e+03 3.5677374e-01
3.8800000e+03 3.8900000e+03 4.3504633e-01
3.8900000e+03 3.9000000e+03 5.5427273e-01
3.9000000e+03 3.9100000e+03 4.9597316e-01
3.9100000e+03 3.9200000e+03 5.5078467e-01
3.9200000e+03 3.9300000e+03 3.7647726e-01
3.9300000e+03 3.9400000e+03 1.9575711e-01
3.9400000e+03 3.9500000e+03 4.4139373e-01
3.9500000e+03 3.9600000e+03 5.5239928e-01
3.9600000e+03 3.9700000e+03 2.9979075e-01
3.9700000e+03 3.9800000e+03 4.9538595e-01
3.9800000e+03 3.9900000e+03 6.0873468e-01
3.9900000e+03 4.0000000e+03 6.3436599e-01
4.0000000e+03 4.0100000e+03 6.5763981e-01
4.0100000e+03 4.0200000e+03 6.6715615e-01
4.0200000e+03 4.0300000e+03 6.6941109e-01
4.0300000e+03 4.0400000e+03 6.2929795e-01
4.0400000e+03 4.0500000e+03 5.8134466e-01
4.0500000e+03 4.0600000e+03 6.4670039e-01
4.0600000e+03 4.0700000e+03 6.4162793e-01
4.0700000e+03 4.0800000e+03 5.7977910e-01
4.0800000e+03 4.0900000e+03 7.1875042e-01
4.0900000e+03 4.1000000e+03 7.2304561e-01
4.1000000e+03 4.1100000e+03 7.6167880e-01
4.1100000e+03 4.1200000e+03 7.3410854e-01
4.1200000e+03 4.1300000e+03 6.9482503e-01
4.1300000e+03 4.1400000e+03 6.7282083e-01
4.1400000e+03 4.1500000e+03 6.7338578e-01
4.1500000e+03 4.1600000e+03 7.1320489e-01
4.1600000e+03 4.1700000e+03 7.2577413e-01
4.1700000e+03 4.1800000e+03 6.6567069e-01
4.1800000e+03 4.1900000e+03 6.9126214e-01
4.1900000e+03 4.2000000e+03 6.4477534e-01
4.2000000e+03 4.2100000e+03 6.8851630e-01
4.2100000e+03 4.2200000e+03 6.7958122e-01
4.2200000e+03 4.2300000e+03 6.1397521e-01
4.2300000e+03 4.2400000e+03 6.7925540e-01
4.2400000e+03 4.2500000e+03 6.8445937e-01
4.2500000e+03 4.2600000e+03 6.6387040e-01
4.2600000e+03 4.2700000e+03 6.8790746e-01
4.2700000e+03 4.2800000e+03 6.2716670e-01
4.2800000e+03 4.2900000e+03 6.1665784e-01
4.2900000e+03 4.3000000e+03 5.7199957e-01
4.3000000e+03 4.3100000e+03 4.5252218e-01
4.3100000e+03 4.3200000e+03 6.7820208e-01
4.3200000e+03 4.3300000e+03 6.5102754e-01
4.3300000e+03 4.3400000e+03 7.8931059e-01
4.3400000e+03 4.3500000e+03 7.9732586e-01
4.3500000e+03 4.3600000e+03 7.1248927e-01
4.3600000e+03 4.3700000e+03 8.0903963e-01
4.3700000e+03 4.3800000e+03 7.3696284e-01
4.3800000e+03 4.3900000e+03 6.4447075e-01
4.3900000e+03 4.4000000e+03 7.5492761e-01
4.4000000e+03 4.4100000e+03 7.0241039e-01
4.4100000e+03 4.4200000e+03 7.5692515e-01
4.4200000e+03 4.4300000e+03 7.6332123e-01
4.4300000e+03 4.4400000e+03 7.3265319e-01
4.4400000e+03 4.4500000e+03 7.7811302e-01
4.4500000e+03 4.4600000e+03 7.1237636e-01
4.4600000e+03 4.4700000e+03 7.6197309e-01
4.4700000e+03 4.4800000e+03 8.4003415e-01
4.4800000e+03 4.4900000e+03 7.8872884e-01
4.4900000e+03 4.5000000e+03 8.1371132e-01
4.5000000e+03 4.5100000e+03 8.9179623e-01
4.5100000e+03 4.5200000e+03 8.5668377e-01
4.5200000e+03 4.5300000e+03 7.8822582e-01
4.5300000e+03 4.5400000e+03 8.0968753e-01
4.5400000e+03 4.5500000e+03 7.9802322e-01
4.5500000e+03 4.5600000e+03 8.5491452e-01
4.5600000e+03 4.5700000e+03 8.7651963e-01
4.5700000e+03 4.5800000e+03 8.7458616e-01
4.5800000e+03 4.5900000e+03 8.0852931e-01
4.5900000e+03 4.6000000e+03 8.4214353e-01
4.6000000e+03 4.6100000e+03 8.3858262e-01
4.6100000e+03 4.6200000e+03 8.3384937e-01
4.6200000e+03 4.6300000e+03 8.5663737e-01
4.6300000e+03 4.6400000e+03 8.1850780e-01
4.6400000e+03 4.6500000e+03 8.5982043e-01
4.6500000e+03 4.6600000e+03 8.6021938e-01
4.6600000e+03 4.6700000e+03 8.3062897e-01
4.6700000e+03 4.6800000e+03 8.7731657e-01
4.6800000e+03 4.6900000e+03 8.6069253e-01
4.6900000e+03 4.7000000e+03 8.5220985e-01
4.7000000e+03 4.7100000e+03 8.0467577e-01
4.7100000e+03 4.7200000e+03 8.5189271e-01
4.7200000e+03 4.7300000e+03 8.5348400e-01
4.7300000e+03 4.7400000e+03 8.4208106e-01
4.7400000e+03 4.7500000e+03 8.7679553e-01
4.7500000e+03 4.7600000e+03 8.8779044e-01
4.7600000e+03 4.7700000e+03 8.7058923e-01
4.7700000e+03 4.7800000e+03 9.2050348e-01
4.7800000e+03 4.7900000e+03 8.8206016e-01
4.7900000e+03 4.8000000e+03 8.9712422e-01
4.8000000e+03 4.8100000e+03 8.8270134e-01
4.8100000e+03 4.8200000e+03 9.0209309e-01
4.8200000e+03 4.8300000e+03 9.0234878e-01
4.8300000e+03 4.8400000e+03 8.8599028e-01
4.8400000e+03 4.8500000e+03 8.7381425e-01
4.8500000e+03 4.8600000e+03 8.7894758e-01
4.8600000e+03 4.8700000e+03 8.9388217e-01
4.8700000e+03 4.8800000e+03 8.3802495e-01
4.8800000e+03 4.8900000e+03 8.5006818e-01
4.8900000e+03 4.9000000e+03 8.7969472e-01
4.9000000e+03 4.9100000e+03 8.8842754e-01
4.9100000e+03 4.9200000e+03 8.2326223e-01
4.9200000e+03 4.9300000e+03 8.6159886e-01
4.9300000e+03 4.9400000e+03 8.4731976e-01
4.9400000e+03 4.9500000e+03 9.2210728e-01
4.9500000e+03 4.9600000e+03 8.8068550e-01
4.9600000e+03 4.9700000e+03 8.8724605e-01
4.9700000e+03 4.9800000e+03 8.9281901e-01
4.9800000e+03 4.9900000e+03 8.2275009e-01
4.9900000e+03 5.0000000e+03 8.7140635e-01
5.0000000e+03 5.0100000e+03 8.2118048e-01
5.0100000e+03 5.0200000e+03 8.2498695e-01
5.0200000e+03 5.0300000e+03 8.4634149e-01
5.0300000e+03 5.0400000e+03 8.5540189e-01
5.0400000e+03 5.0500000e+03 8.3713253e-01
5.0500000e+03 5.0600000e+03 9.1210094e-01
5.0600000e+03 5.0700000e+03 8.8802087e-01
5.0700000e+03 5.0800000e+03 8.6783904e-01
5.0800000e+03 5.0900000e+03 8.2889313e-01
5.0900000e+03 5.1000000e+03 8.7697103e-01
5.1000000e+03 5.1100000e+03 8.8149019e-01
5.1100000e+03 5.1200000e+03 9.1770426e-01
5.1200000e+03 5.1300000e+03 8.4163250e-01
5.1300000e+03 5.1400000e+03 8.6249281e-01
5.1400000e+03 5.1500000e+03 8.4215107e-01
5.1500000e+03 5.1600000e+03 8.7338288e-01
5.1600000e+03 5.1700000e+03 7.6787161e-01
5.1700000e+03 5.1800000e+03 7.6543228e-01
5.1800000e+03 5.1900000e+03 7.1192491e-01
5.1900000e+03 5.2000000e+03 8.2497807e-01
5.2000000e+03 5.2100000e+03 8.4320937e-01
5.2100000e+03 5.2200000e+03 8.8573067e-01
5.2200000e+03 5.2300000e+03 8.4272264e-01
5.2300000e+03 5.2400000e+03 8.8466976e-01
5.2400000e+03 5.2500000e+03 9.0962549e-01
5.2500000e+03 5.2600000e+03 8.6023396e-01
5.2600000e+03 5.2700000e+03 7.6048032e-01
5.2700000e+03 5.2800000e+03 8.6817617e-01
5.2800000e+03 5.2900000e+03 9.0143821e-01
5.2900000e+03 5.3000000e+03 8.8725404e-01
5.3000000e+03 5.3100000e+03 9.2658816e-01
5.3100000e+03 5.3200000e+03 9.2808861e-01
5.3200000e+03 5.3300000e+03 8.3281757e-01
5.3300000e+03 5.3400000e+03 8.4219659e-01
5.3400000e+03 5.3500000e+03 8.7197657e-01
5.3500000e+03 5.3600000e+03 9.4162030e-01
5.3600000e+03 5.3700000e+03 9.1273741e-01
5.3700000e+03 5.3800000e+03 9.1498775e-01
5.3800000e+03 5.3900000e+03 9.1573588e-01
5.3900000e+03 5.4000000e+03 8.9730778e-01
5.4000000e+03 5.4100000e+03 8.4413937e-01
5.4100000e+03 5.4200000e+03 9.1114725e-01
5.4200000e+03 5.4300000e+03 8.9306554e-01
5.4300000e+03 5.4400000e+03 9.2186139e-01
5.4400000e+03 5.4500000e+03 9.2594796e-01
5.4500000e+03 5.4600000e+03 9.3305523e-01
5.4600000e+03 5.4700000e+03 9.2677953e-01
5.4700000e+03 5.4800000e+03 8.9617464e-01
5.4800000e+03 5.4900000e+03 8.9803815e-01
5.4900000e+03 5.5000000e+03 9.1309597e-01
5.5000000e+03 5.5100000e+03 9.1046169e-01
5.5100000e+03 5.5200000e+03 9.1342665e-01
5.5200000e+03 5.5300000e+03 8.9309251e-01
5.5300000e+03 5.5400000e+03 9.3505301e-01
5.5400000e+03 5.5500000e+03 9.4524566e-01
5.5500000e+03 5.5600000e+03 9.3098741e-01
5.5600000e+03 5.5700000e+03 9.0104259e-01
5.5700000e+03 5.5800000e+03 9.2124342e-01
5.5800000e+03 5.5900000e+03 8.8987573e-01
5.5900000e+03 5.6000000e+03 9.0130623e-01
5.6000000e+03 5.6100000e+03 9.3703469e-01
5.6100000e+03 5.6200000e+03 9.2339716e-01
5.6200000e+03 5.6300000e+03 9.3060072e-01
5.6300000e+03 5.6400000e+03 9.4821334e-01
5.6400000e+03 5.6500000e+03 9.3571380e-01
5.6500000e+03 5.6600000e+03 8.8479416e-01
5.6600000e+03 5.6700000e+03 8.9464170e-01
5.6700000e+03 5.6800000e+03 9.5242267e-01
5.6800000e+03 5.6900000e+03 9.3052414e-01
5.6900000e+03 5.7000000e+03 9.5037872e-01
5.7000000e+03 5.7100000e+03 8.9277243e-01
5.7100000e+03 5.7200000e+03 9.3260180e-01
5.7200000e+03 5.7300000e+03 9.7536713e-01
5.7300000e+03 5.7400000e+03 9.6599812e-01
5.7400000e+03 5.7500000e+03 9.6056169e-01
5.7500000e+03 5.7600000e+03 9.4319633e-01
5.7600000e+03 5.7700000e+03 9.5749931e-01
5.7700000e+03 5.7800000e+03 9.6906243e-01
5.7800000e+03 5.7900000e+03 9.1533963e-01
5.7900000e+03 5.8000000e+03 9.5487848e-01
5.8000000e+03 5.8100000e+03 9.5615346e-01
5.8100000e+03 5.8200000e+03 9.7075478e-01
5.8200000e+03 5.8300000e+03 9.8583435e-01
5.8300000e+03 5.8400000e+03 9.7141815e-01
5.8400000e+03 5.8500000e+03 9.7109656e-01
5.8500000e+03 5.8600000e+03 9.3759745e-01
5.8600000e+03 5.8700000e+03 9.6239373e-01
5.8700000e+03 5.8800000e+03 9.8007427e-01
5.8800000e+03 5.8900000e+03 9.2567056e-01
5.8900000e+03 5.9000000e+03 8.5711092e-01
5.9000000e+03 5.9100000e+03 9.7157900e-01
5.9100000e+03 5.9200000e+03 9.5938782e-01
5.9200000e+03 5.9300000e+03 9.6479197e-01
5.9300000e+03 5.9400000e+03 9.7087758e-01
5.9400000e+03 5.9500000e+03 9.6721981e-01
5.9500000e+03 5.9600000e+03 9.6836979e-01
5.9600000e+03 5.9700000e+03 9.8122703e-01
5.9700000e+03 5.9800000e+03 9.6742576e-01
5.9800000e+03 5.9900000e+03 9.7364173e-01
5.9900000e+03 6.0000000e+03 9.7013404e-01
6.0000000e+03 6.0100000e+03 9.5378028e-01
6.0100000e+03 6.0200000e+03 9.6023370e-01
6.0200000e+03 6.0300000e+03 9.4237696e-01
6.0300000e+03 6.0400000e+03 9.8594822e-01
6.0400000e+03 6.0500000e+03 9.8830532e-01
6.0500000e+03 6.0600000e+03 9.8021716e-01
6.0600000e+03 6.0700000e+03 9.7435788e-01
6.0700000e+03 6.0800000e+03 9.8094017e-01
6.0800000e+03 6.0900000e+03 9.6565413e-01
6.0900000e+03 6.1000000e+03 9.6902081e-01
6.1000000e+03 6.1100000e+03 9.4265564e-01
6.1100000e+03 6.1200000e+03 9.6737893e-01
6.1200000e+03 6.1300000e+03 9.3356918e-01
6.1300000e+03 6.1400000e+03 9.2686294e-01
6.1400000e+03 6.1500000e+03 9.4385803e-01
6.1500000e+03 6.1600000e+03 9.4801986e-01
6.1600000e+03 6.1700000e+03 8.8945969e-01
6.1700000e+03 6.1800000e+03 9.5211064e-01
6.1800000e+03 6.1900000e+03 9.7360719e-01
6.1900000e+03 6.2000000e+03 9.5752128e-01
6.2000000e+03 6.2100000e+03 9.8271415e-01
6.2100000e+03 6.2200000e+03 9.5237983e-01
6.2200000e+03 6.2300000e+03 9.6794768e-01
6.2300000e+03 6.2400000e+03 9.3620512e-01
6.2400000e+03 6.2500000e+03 9.2264517e-01
6.2500000e+03 6.2600000e+03 9.2132579e-01
6.2600000e+03 6.2700000e+03 9.6695800e-01
6.2700000e+03 6.2800000e+03 9.6944676e-01
6.2800000e+03 6.2900000e+03 9.7957796e-01
6.2900000e+03 6.3000000e+03 9.7122853e-01
6.3000000e+03 6.3100000e+03 9.4280279e-01
6.3100000e+03 6.3200000e+03 9.1067569e-01
6.3200000e+03 6.3300000e+03 9.6877798e-01
6.3300000e+03 6.3400000e+03 9.5432622e-01
6.3400000e+03 6.3500000e+03 9.4467123e-01
6.3500000e+03 6.3600000e+03 9.5690078e-01
6.3600000e+03 6.3700000e+03 9.2925599e-01
6.3700000e+03 6.3800000e+03 9.8202257e-01
6.3800000e+03 6.3900000e+03 9.7719159e-01
6.3900000e+03 6.4000000e+03 9.6538449e-01
6.4000000e+03 6.4100000e+03 9.6169362e-01
6.4100000e+03 6.4200000e+03 9.4889954e-01
6.4200000e+03 6.4300000e+03 9.7520338e-01
6.4300000e+03 6.4400000e+03 9.4381011e-01
6.4400000e+03 6.4500000e+03 9.7452066e-01
6.4500000e+03 6.4600000e+03 9.6955295e-01
6.4600000e+03 6.4700000e+03 9.4436197e-01
6.4700000e+03 6.4800000e+03 9.7327782e-01
6.4800000e+03 6.4900000e+03 9.7992995e-01
6.4900000e+03 6.5000000e+03 9.0976044e-01
6.5000000e+03 6.5100000e+03 9.8089878e-01
6.5100000e+03 6.5200000e+03 9.8029764e-01
6.5200000e+03 6.5300000e+03 9.8257732e-01
6.5300000e+03 6.5400000e+03 9.8044899e-01
6.5400000e+03 6.5500000e+03 9.7902027e-01
6.5500000e+03 6.5600000e+03 9.7665808e-01
6.5600000e+03 6.5700000e+03 9.8639671e-01
6.5700000e+03 6.5800000e+03 9.8324323e-01
6.5800000e+03 6.5900000e+03 9.8507947e-01
6.5900000e+03 6.6000000e+03 9.5719359e-01
6.6000000e+03 6.6100000e+03 9.7178112e-01
6.6100000e+03 6.6200000e+03 9.9219872e-01
6.6200000e+03 6.6300000e+03 9.8822814e-01
6.6300000e+03 6.6400000e+03 9.6045284e-01
6.6400000e+03 6.6500000e+03 9.6959102e-01
6.6500000e+03 6.6600000e+03 9.8629867e-01
6.6600000e+03 6.6700000e+03 9.6371557e-01
6.6700000e+03 6.6800000e+03 9.7932540e-01
6.6800000e+03 6.6900000e+03 9.9055855e-01
6.6900000e+03 6.7000000e+03 9.7504476e-01
6.7000000e+03 6.7100000e+03 9.8743067e-01
6.7100000e+03 6.7200000e+03 9.5831220e-01
6.7200000e+03 6.7300000e+03 9.7825817e-01
6.7300000e+03 6.7400000e+03 9.8266002e-01
6.7400000e+03 6.7500000e+03 9.8314572e-01
6.7500000e+03 6.7600000e+03 9.7492942e-01
6.7600000e+03 6.7700000e+03 9.7324076e-01
6.7700000e+03 6.7800000e+03 9.7986443e-01
6.7800000e+03 6.7900000e+03 9.7680511e-01
6.7900000e+03 6.8000000e+03 9.6877919e-01
6.8000000e+03 6.8100000e+03 9.7678168e-01
6.8100000e+03 6.8200000e+03 9.7930787e-01
6.8200000e+03 6.8300000e+03 9.7668843e-01
6.8300000e+03 6.8400000e+03 9.8815595e-01
6.8400000e+03 6.8500000e+03 9.6650151e-01
6.8500000e+03 6.8600000e+03 9.6308484e-01
6.8600000e+03 6.8700000e+03 9.7256838e-01
6.8700000e+03 6.8800000e+03 9.8960214e-01
6.8800000e+03 6.8900000e+03 9.6828238e-01
6.8900000e+03 6.9000000e+03 9.8668528e-01
6.9000000e+03 6.9100000e+03 9.8634176e-01
6.9100000e+03 6.9200000e+03 9.6983685e-01
6.9200000e+03 6.9300000e+03 9.7136419e-01
6.9300000e+03 6.9400000e+03 9.8405916e-01
6.9400000e+03 6.9500000e+03 9.8054407e-01
6.9500000e+03 6.9600000e+03 9.7656983e-01
6.9600000e+03 6.9700000e+03 9.8702069e-01
6.9700000e+03 6.9800000e+03 9.6103738e-01
6.9800000e+03 6.9900000e+03 9.8741917e-01
6.9900000e+03 7.0000000e+03 9.8663043e-01
7.0000000e+03 7.0100000e+03 9.9990876e-01
7.0100000e+03 7.0200000e+03 9.5350193e-01
7.0200000e+03 7.0300000e+03 9.6549298e-01
7.0300000e+03 7.0400000e+03 9.7197348e-01
7.0400000e+03 7.0500000e+03 9.9288627e-01
7.0500000e+03 7.0600000e+03 9.8054700e-01
7.0600000e+03 7.0700000e+03 9.6320188e-01
7.0700000e+03 7.0800000e+03 9.8879933e-01
7.0800000e+03 7.0900000e+03 9.7461671e-01
7.0900000e+03 7.1000000e+03 9.7849131e-01
7.1000000e+03 7.1100000e+03 9.8812603e-01
7.1100000e+03 7.1200000e+03 9.7062637e-01
7.1200000e+03 7.1300000e+03 9.7351243e-01
7.1300000e+03 7.1400000e+03 9.7339482e-01
7.1400000e+03 7.1500000e+03 9.5951713e-01
7.1500000e+03 7.1600000e+03 9.7843261e-01
7.1600000e+03 7.1700000e+03 9.6007449e-01
7.1700000e+03 7.1800000e+03 9.7871649e-01
7.1800000e+03 7.1900000e+03 9.4034273e-01
7.1900000e+03 7.2000000e+03 9.5643903e-01
7.2000000e+03 7.2100000e+03 9.5504947e-01
7.2100000e+03 7.2200000e+03 9.7802890e-01
7.2200000e+03 7.2300000e+03 9.6441602e-01
7.2300000e+03 7.2400000e+03 9.8155932e-01
7.2400000e+03 7.2500000e+03 9.8401413e-01
7.2500000e+03 7.2600000e+03 9.7840264e-01
7.2600000e+03 7.2700000e+03 9.7473817e-01
7.2700000e+03 7.2800000e+03 9.7959548e-01
7.2800000e+03 7.2900000e+03 9.4712707e-01
7.2900000e+03 7.3000000e+03 9.6478455e-01
7.3000000e+03 7.3100000e+03 9.7236988e-01
7.3100000e+03 7.3200000e+03 9.8073136e-01
7.3200000e+03 7.3300000e+03 9.6435497e-01
7.3300000e+03 7.3400000e+03 9.7916912e-01
7.3400000e+03 7.3500000e+03 9.9129672e-01
7.3500000e+03 7.3600000e+03 9.7048086e-01
7.3600000e+03 7.3700000e+03 9.7430212e-01
7.3700000e+03 7.3800000e+03 9.8168662e-01
7.3800000e+03 7.3900000e+03 9.4328405e-01
7.3900000e+03 7.4000000e+03 9.7889858e-01
7.4000000e+03 7.4100000e+03 9.4735811e-01
7.4100000e+03 7.4200000e+03 9.4610907e-01
7.4200000e+03 7.4300000e+03 9.5554034e-01
7.4300000e+03 7.4400000e+03 9.8453142e-01
7.4400000e+03 7.4500000e+03 9.5669207e-01
7.4500000e+03 7.4600000e+03 9.8563760e-01
7.4600000e+03 7.4700000e+03 9.7779231e-01
7.4700000e+03 7.4800000e+03 9.8127020e-01
7.4800000e+03 7.4900000e+03 9.8317318e-01
7.4900000e+03 7.5000000e+03 9.6529675e-01
7.5000000e+03 7.5100000e+03 9.8905215e-01
7.5100000e+03 7.5200000e+03 9.7331102e-01
7.5200000e+03 7.5300000e+03 9.7239424e-01
7.5300000e+03 7.5400000e+03 9.8695752e-01
7.5400000e+03 7.5500000e+03 9.8794193e-01
7.5500000e+03 7.5600000e+03 9.7668756e-01
7.5600000e+03 7.5700000e+03 9.7028969e-01
7.5700000e+03 7.5800000e+03 9.8527813e-01
7.5800000e+03 7.5900000e+03 9.7254834e-01
7.5900000e+03 7.6000000e+03 9.8800640e-01
7.6000000e+03 7.6100000e+03 9.7382761e-01
7.6100000e+03 7.6200000e+03 9.6266008e-01
7.6200000e+03 7.6300000e+03 9.8345819e-01
7.6300000e+03 7.6400000e+03 9.9667719e-01
7.6400000e+03 7.6500000e+03 9.9520606e-01
7.6500000e+03 7.6600000e+03 9.4847266e-01
7.6600000e+03 7.6700000e+03 9.6171304e-01
7.6700000e+03 7.6800000e+03 9.9503797e-01
7.6800000e+03 7.6900000e+03 9.8220796e-01
7.6900000e+03 7.7000000e+03 9.7972061e-01
7.7000000e+03 7.7100000e+03 9.9606054e-01
7.7100000e+03 7.7200000e+03 9.6781436e-01
7.7200000e+03 7.7300000e+03 9.6418677e-01
7.7300000e+03 7.7400000e+03 9.9406835e-01
7.7400000e+03 7.7500000e+03 9.4680430e-01
7.7500000e+03 7.7600000e+03 9.8553574e-01
7.7600000e+03 7.7700000e+03 9.9413062e-01
7.7700000e+03 7.7800000e+03 9.7751518e-01
7.7800000e+03 7.7900000e+03 9.8622890e-01
7.7900000e+03 7.8000000e+03 9.8133634e-01
7.8000000e+03 7.8100000e+03 9.8621985e-01
7.8100000e+03 7.8200000e+03 9.8401063e-01
7.8200000e+03 7.8300000e+03 9.8635835e-01
7.8300000e+03 7.8400000e+03 9.6696755e-01
7.8400000e+03 7.8500000e+03 9.8629603e-01
7.8500000e+03 7.8600000e+03 9.7404272e-01
7.8600000e+03 7.8700000e+03 9.9018176e-01
7.8700000e+03 7.8800000e+03 9.8772645e-01
7.8800000e+03 7.8900000e+03 9.8784668e-01
7.8900000e+03 7.9000000e+03 9.9264538e-01
7.9000000e+03 7.9100000e+03 9.9078524e-01
7.9100000e+03 7.9200000e+03 9.6362558e-01
7.9200000e+03 7.9300000e+03 9.9169184e-01
7.9300000e+03 7.9400000e+03 9.4996397e-01
7.9400000e+03 7.9500000e+03 9.5523903e-01
7.9500000e+03 7.9600000e+03 9.8472400e-01
7.9600000e+03 7.9700000e+03 9.9422813e-01
7.9700000e+03 7.9800000e+03 9.8605546e-01
7.9800000e+03 7.9900000e+03 9.9325904e-01
7.9900000e+03 8.0000000e+03 9.7661564e-01
8.0000000e+03 8.0100000e+03 9.9142479e-01
8.0100000e+03 8.0200000e+03 9.9079606e-01
8.0200000e+03 8.0300000e+03 9.7684863e-01
8.0300000e+03 8.0400000e+03 9.8786499e-01
8.0400000e+03 8.0500000e+03 9.6374425e-01
8.0500000e+03 8.0600000e+03 9.8852358e-01
8.0600000e+03 8.0700000e+03 9.9389981e-01
8.0700000e+03 8.0800000e+03 9.8204594e-01
8.0800000e+03 8.0900000e+03 9.7724706e-01
8.0900000e+03 8.1000000e+03 9.5939823e-01
8.1000000e+03 8.1100000e+03 9.9652974e-01
8.1100000e+03 8.1200000e+03 9.8975075e-01
8.1200000e+03 8.1300000e+03 9.9385342e-01
8.1300000e+03 8.1400000e+03 9.9618472e-01
8.1400000e+03 8.1500000e+03 9.9136534e-01
8.1500000e+03 8.1600000e+03 9.8933115e-01
8.1600000e+03 8.1700000e+03 9.8626179e-01
8.1700000e+03 8.1800000e+03 9.9134091e-01
8.1800000e+03 8.1900000e+03 9.8961694e-01
8.1900000e+03 8.2000000e+03 9.8369556e-01
8.2000000e+03 8.2100000e+03 9.7658884e-01
8.2100000e+03 8.2200000e+03 9.7156324e-01
8.2200000e+03 8.2300000e+03 9.7588375e-01
8.2300000e+03 8.2400000e+03 9.6460154e-01
8.2400000e+03 8.2500000e+03 9.8031433e-01
8.2500000e+03 8.2600000e+03 9.8866365e-01
8.2600000e+03 8.2700000e+03 9.9196704e-01
8.2700000e+03 8.2800000e+03 9.9315773e-01
8.2800000e+03 8.2900000e+03 9.9608928e-01
8.2900000e+03 8.3000000e+03 9.8092364e-01
8.3000000e+03 8.3100000e+03 9.7060847e-01
8.3100000e+03 8.3200000e+03 9.7483248e-01
8.3200000e+03 8.3300000e+03 9.7285042e-01
8.3300000e+03 8.3400000e+03 9.7040045e-01
8.3400000e+03 8.3500000e+03 9.6752636e-01
8.3500000e+03 8.3600000e+03 9.9278920e-01
8.3600000e+03 8.3700000e+03 9.8149315e-01
8.3700000e+03 8.3800000e+03 9.9155045e-01
8.3800000e+03 8.3900000e+03 9.6094118e-01
8.3900000e+03 8.4000000e+03 9.8735614e-01
8.4000000e+03 8.4100000e+03 9.9114084e-01
8.4100000e+03 8.4200000e+03 9.7893925e-01
8.4200000e+03 8.4300000e+03 9.7888209e-01
8.4300000e+03 8.4400000e+03 9.6491480e-01
8.4400000e+03 8.4500000e+03 9.8121533e-01
8.4500000e+03 8.4600000e+03 9.8680124e-01
8.4600000e+03 8.4700000e+03 9.7143083e-01
8.4700000e+03 8.4800000e+03 9.9023709e-01
8.4800000e+03 8.4900000e+03 9.9151795e-01
8.4900000e+03 8.5000000e+03 8.9350507e-01
8.5000000e+03 8.5100000e+03 9.8808125e-01
8.5100000e+03 8.5200000e+03 9.6309877e-01
8.5200000e+03 8.5300000e+03 9.7862883e-01
8.5300000e+03 8.5400000e+03 9.8935293e-01
8.5400000e+03 8.5500000e+03 7.6959760e-01
8.5500000e+03 8.5600000e+03 9.8251486e-01
8.5600000e+03 8.5700000e+03 9.9621605e-01
8.5700000e+03 8.5800000e+03 9.9071150e-01
8.5800000e+03 8.5900000e+03 9.6869093e-01
8.5900000e+03 8.6000000e+03 9.7968880e-01
8.6000000e+03 8.6100000e+03 9.8914163e-01
8.6100000e+03 8.6200000e+03 9.7207145e-01
8.6200000e+03 8.6300000e+03 9.8610531e-01
8.6300000e+03 8.6400000e+03 9.8807265e-01
8.6400000e+03 8.6500000e+03 9.8425292e-01
8.6500000e+03 8.6600000e+03 9.9332199e-01
8.6600000e+03 8.6700000e+03 8.0723578e-01
8.6700000e+03 8.6800000e+03 9.6498968e-01
8.6800000e+03 8.6900000e+03 9.4194612e-01
8.6900000e+03 8.7000000e+03 9.7930186e-01
8.7000000e+03 8.7100000e+03 9.9026250e-01
8.7100000e+03 8.7200000e+03 9.6030166e-01
8.7200000e+03 8.7300000e+03 9.8494434e-01
8.7300000e+03 8.7400000e+03 9.7630117e-01
8.7400000e+03 8.7500000e+03 9.8226788e-01
8.7500000e+03 8.7600000e+03 9.6941805e-01
8.7600000e+03 8.7700000e+03 9.9200846e-01
8.7700000e+03 8.7800000e+03 9.7328036e-01
8.7800000e+03 8.7900000e+03 9.9196583e-01
8.7900000e+03 8.8000000e+03 9.6633608e-01
8.8000000e+03 8.8100000e+03 9.2721992e-01
8.8100000e+03 8.8200000e+03 9.8518272e-01
8.8200000e+03 8.8300000e+03 9.7158472e-01
8.8300000e+03 8.8400000e+03 9.7112737e-01
8.8400000e+03 8.8500000e+03 9.8238081e-01
8.8500000e+03 8.8600000e+03 9.9764372e-01
8.8600000e+03 8.8700000e+03 9.5897054e-01
8.8700000e+03 8.8800000e+03 9.8458792e-01
8.8800000e+03 8.8900000e+03 9.9136505e-01
8.8900000e+03 8.9000000e+03 9.8116026e-01
8.9000000e+03 8.9100000e+03 9.9369117e-01
8.9100000e+03 8.9200000e+03 9.8428490e-01
8.9200000e+03 8.9300000e+03 9.5555378e-01
8.9300000e+03 8.9400000e+03 9.9226323e-01
8.9400000e+03 8.9500000e+03 9.6053693e-01
8.9500000e+03 8.9600000e+03 9.9369211e-01
8.9600000e+03 8.9700000e+03 9.7496899e-01
8.9700000e+03 8.9800000e+03 9.8204471e-01
8.9800000e+03 8.9900000e+03 9.8983887e-01
8.9900000e+03 9.0000000e+03 9.6660127e-01
9.0000000e+03 9.0100000e+03 9.7426865e-01
9.0100000e+03 9.0200000e+03 9.6469697e-01
9.0200000e+03 9.0300000e+03 9.7818803e-01
9.0300000e+03 9.0400000e+03 9.8846271e-01
9.0400000e+03 9.0500000e+03 9.9551388e-01
9.0500000e+03 9.0600000e+03 inf
9.0600000e+03 9.0700000e+03 inf
9.0700000e+03 9.0800000e+03 inf
9.0800000e+03 9.0900000e+03 inf
9.0900000e+03 9.1000000e+03 inf
9.1000000e+03 9.1100000e+03 inf
9.1100000e+03 9.1200000e+03 inf
9.1200000e+03 9.1300000e+03 inf
9.1300000e+03 9.1400000e+03 inf
9.1400000e+03 9.1500000e+03 inf
9.1500000e+03 9.1600000e+03 inf
9.1600000e+03 9.1700000e+03 inf
9.1700000e+03 9.1800000e+03 inf
9.1800000e+03 9.1900000e+03 inf
9.1900000e+03 9.2000000e+03 inf
