1.0000000e+03 1.0100000e+03 9.3642021e-01
1.0100000e+03 1.0200000e+03 9.7936779e-01
1.0200000e+03 1.0300000e+03 9.9682820e-01
1.0300000e+03 1.0400000e+03 8.9724566e-01
1.0400000e+03 1.0500000e+03 9.1467388e-01
1.0500000e+03 1.0600000e+03 9.6848593e-01
1.0600000e+03 1.0700000e+03 9.3583531e-01
1.0700000e+03 1.0800000e+03 9.3792618e-01
1.0800000e+03 1.0900000e+03 9.1081118e-01
1.0900000e+03 1.1000000e+03 9.4942910e-01
1.1000000e+03 1.1100000e+03 9.7242724e-01
1.1100000e+03 1.1200000e+03 7.8927323e-01
1.1200000e+03 1.1300000e+03 7.2731121e-01
1.1300000e+03 1.1400000e+03 9.2944197e-01
1.1400000e+03 1.1500000e+03 9.1583278e-01
1.1500000e+03 1.1600000e+03 9.5077306e-01
1.1600000e+03 1.1700000e+03 9.5439170e-01
1.1700000e+03 1.1800000e+03 9.5252100e-01
1.1800000e+03 1.1900000e+03 9.4809319e-01
1.1900000e+03 1.2000000e+03 7.7995945e-01
1.2000000e+03 1.2100000e+03 9.1191924e-01
1.2100000e+03 1.2200000e+03 9.9940313e-01
1.2200000e+03 1.2300000e+03 9.6038849e-01
1.2300000e+03 1.2400000e+03 9.5485630e-01
1.2400000e+03 1.2500000e+03 7.6018637e-01
1.2500000e+03 1.2600000e+03 7.4812268e-01
1.2600000e+03 1.2700000e+03 4.9213248e-01
1.2700000e+03 1.2800000e+03 5.2087086e-01
1.2800000e+03 1.2900000e+03 6.5162078e-01
1.2900000e+03 1.3000000e+03 7.0307591e-01
1.3000000e+03 1.3100000e+03 6.7046447e-01
1.3100000e+03 1.3200000e+03 7.6260575e-01
1.3200000e+03 1.3300000e+03 7.2972883e-01
1.3300000e+03 1.3400000e+03 6.2506755e-01
1.3400000e+03 1.3500000e+03 9.0964581e-01
1.3500000e+03 1.3600000e+03 8.6342168e-01
1.3600000e+03 1.3700000e+03 8.8826247e-01
1.3700000e+03 1.3800000e+03 7.6052575e-01
1.3800000e+03 1.3900000e+03 5.2346007e-01
1.3900000e+03 1.4000000e+03 5.7116963e-01
1.4000000e+03 1.4100000e+03 7.5543843e-01
1.4100000e+03 1.4200000e+03 6.8859351e-01
1.4200000e+03 1.4300000e+03 8.5886394e-01
1.4300000e+03 1.4400000e+03 8.1455086e-01
1.4400000e+03 1.4500000e+03 9.1880919e-01
1.4500000e+03 1.4600000e+03 9.2463203e-01
1.4600000e+03 1.4700000e+03 8.6789126e-01
1.4700000e+03 1.4800000e+03 8.1506110e-01
1.4800000e+03 1.4900000e+03 9.0584095e-01
1.4900000e+03 1.5000000e+03 9.4275009e-01
1.5000000e+03 1.5100000e+03 9.3791351e-01
1.5100000e+03 1.5200000e+03 7.4521197e-01
1.5200000e+03 1.5300000e+03 1.0017656e+00
1.5300000e+03 1.5400000e+03 7.4898395e-01
1.5400000e+03 1.5500000e+03 5.4569554e-01
1.5500000e+03 1.5600000e+03 5.0374944e-01
1.5600000e+03 1.5700000e+03 5.3035474e-01
1.5700000e+03 1.5800000e+03 5.3570994e-01
1.5800000e+03 1.5900000e+03 5.1300881e-01
1.5900000e+03 1.6000000e+03 6.4884417e-01
1.6000000e+03 1.6100000e+03 5.9580849e-01
1.6100000e+03 1.6200000e+03 4.6842249e-01
1.6200000e+03 1.6300000e+03 5.7802860e-01
1.6300000e+03 1.6400000e+03 4.8430454e-01
1.6400000e+03 1.6500000e+03 5.0170138e-01
1.6500000e+03 1.6600000e+03 4.8969064e-01
1.6600000e+03 1.6700000e+03 7.1066360e-01
1.6700000e+03 1.6800000e+03 6.5824406e-01
1.6800000e+03 1.6900000e+03 7.9985599e-01
1.6900000e+03 1.7000000e+03 7.3661408e-01
1.7000000e+03 1.7100000e+03 5.1843562e-01
1.7100000e+03 1.7200000e+03 5.1281569e-01
1.7200000e+03 1.7300000e+03 4.8264302e-01
1.7300000e+03 1.7400000e+03 4.9734733e-01
1.7400000e+03 1.7500000e+03 5.5423392e-01
1.7500000e+03 1.7600000e+03 5.5945496e-01
1.7600000e+03 1.7700000e+03 6.2947514e-01
1.7700000e+03 1.7800000e+03 4.8808330e-01
1.7800000e+03 1.7900000e+03 5.3317149e-01
1.7900000e+03 1.8000000e+03 5.7100406e-01
1.8000000e+03 1.8100000e+03 6.5020047e-01
1.8100000e+03 1.8200000e+03 6.4741741e-01
1.8200000e+03 1.8300000e+03 5.5811557e-01
1.8300000e+03 1.8400000e+03 5.6131922e-01
1.8400000e+03 1.8500000e+03 6.3387437e-01
1.8500000e+03 1.8600000e+03 5.3877563e-01
1.8600000e+03 1.8700000e+03 4.7007421e-01
1.8700000e+03 1.8800000e+03 4.4166728e-01
1.8800000e+03 1.8900000e+03 4.2108266e-01
1.8900000e+03 1.9000000e+03 5.0692867e-01
1.9000000e+03 1.9100000e+03 4.5232529e-01
1.9100000e+03 1.9200000e+03 4.8686171e-01
1.9200000e+03 1.9300000e+03 6.9930389e-01
1.9300000e+03 1.9400000e+03 8.9821630e-01
1.9400000e+03 1.9500000e+03 6.4612935e-01
1.9500000e+03 1.9600000e+03 6.0310096e-01
1.9600000e+03 1.9700000e+03 6.9609861e-01
1.9700000e+03 1.9800000e+03 7.5706242e-01
1.9800000e+03 1.9900000e+03 7.4460201e-01
1.9900000e+03 2.0000000e+03 5.2380943e-01
2.0000000e+03 2.0100000e+03 4.7177819e-01
2.0100000e+03 2.0200000e+03 5.0312757e-01
2.0200000e+03 2.0300000e+03 5.0158278e-01
2.0300000e+03 2.0400000e+03 4.7616279e-01
2.0400000e+03 2.0500000e+03 6.2088441e-01
2.0500000e+03 2.0600000e+03 7.1019188e-01
2.0600000e+03 2.0700000e+03 5.9672830e-01
2.0700000e+03 2.0800000e+03 8.8189261e-01
2.0800000e+03 2.0900000e+03 8.3407226e-01
2.0900000e+03 2.1000000e+03 6.1810192e-01
2.1000000e+03 2.1100000e+03 5.5212966e-01
2.1100000e+03 2.1200000e+03 4.8414293e-01
2.1200000e+03 2.1300000e+03 6.2477682e-01
2.1300000e+03 2.1400000e+03 5.6508933e-01
2.1400000e+03 2.1500000e+03 4.5797728e-01
2.1500000e+03 2.1600000e+03 4.8316050e-01
2.1600000e+03 2.1700000e+03 5.2467029e-01
2.1700000e+03 2.1800000e+03 5.3115030e-01
2.1800000e+03 2.1900000e+03 4.1544309e-01
2.1900000e+03 2.2000000e+03 4.9777440e-01
2.2000000e+03 2.2100000e+03 5.4483966e-01
2.2100000e+03 2.2200000e+03 6.2186080e-01
2.2200000e+03 2.2300000e+03 5.0980706e-01
2.2300000e+03 2.2400000e+03 5.2169539e-01
2.2400000e+03 2.2500000e+03 4.9860726e-01
2.2500000e+03 2.2600000e+03 5.8287746e-01
2.2600000e+03 2.2700000e+03 5.2447295e-01
2.2700000e+03 2.2800000e+03 6.2850921e-01
2.2800000e+03 2.2900000e+03 4.8628375e-01
2.2900000e+03 2.3000000e+03 5.6576404e-01
2.3000000e+03 2.3100000e+03 4.7466917e-01
2.3100000e+03 2.3200000e+03 6.5288651e-01
2.3200000e+03 2.3300000e+03 5.8098104e-01
2.3300000e+03 2.3400000e+03 6.2768188e-01
2.3400000e+03 2.3500000e+03 6.9090064e-01
2.3500000e+03 2.3600000e+03 5.7868617e-01
2.3600000e+03 2.3700000e+03 6.6611157e-01
2.3700000e+03 2.3800000e+03 6.6769566e-01
2.3800000e+03 2.3900000e+03 7.2316614e-01
2.3900000e+03 2.4000000e+03 7.1029493e-01
2.4000000e+03 2.4100000e+03 6.7623387e-01
2.4100000e+03 2.4200000e+03 6.9945450e-01
2.4200000e+03 2.4300000e+03 6.1213560e-01
2.4300000e+03 2.4400000e+03 6.2345387e-01
2.4400000e+03 2.4500000e+03 5.4326875e-01
2.4500000e+03 2.4600000e+03 5.3775047e-01
2.4600000e+03 2.4700000e+03 6.0261817e-01
2.4700000e+03 2.4800000e+03 6.4892035e-01
2.4800000e+03 2.4900000e+03 7.7656031e-01
2.4900000e+03 2.5000000e+03 6.5924886e-01
2.5000000e+03 2.5100000e+03 5.8130761e-01
2.5100000e+03 2.5200000e+03 9.0297655e-01
2.5200000e+03 2.5300000e+03 9.2679730e-01
2.5300000e+03 2.5400000e+03 7.9521728e-01
2.5400000e+03 2.5500000e+03 7.6581175e-01
2.5500000e+03 2.5600000e+03 6.6225793e-01
2.5600000e+03 2.5700000e+03 7.0472009e-01
2.5700000e+03 2.5800000e+03 6.8055253e-01
2.5800000e+03 2.5900000e+03 6.9494243e-01
2.5900000e+03 2.6000000e+03 7.1729854e-01
2.6000000e+03 2.6100000e+03 6.8579582e-01
2.6100000e+03 2.6200000e+03 7.3758416e-01
2.6200000e+03 2.6300000e+03 6.6729281e-01
2.6300000e+03 2.6400000e+03 5.7060902e-01
2.6400000e+03 2.6500000e+03 5.5990785e-01
2.6500000e+03 2.6600000e+03 5.6274592e-01
2.6600000e+03 2.6700000e+03 5.8435175e-01
2.6700000e+03 2.6800000e+03 6.1850382e-01
2.6800000e+03 2.6900000e+03 5.6964031e-01
2.6900000e+03 2.7000000e+03 5.7694876e-01
2.7000000e+03 2.7100000e+03 5.8277578e-01
2.7100000e+03 2.7200000e+03 6.4754357e-01
2.7200000e+03 2.7300000e+03 6.7603954e-01
2.7300000e+03 2.7400000e+03 6.6347996e-01
2.7400000e+03 2.7500000e+03 6.9890266e-01
2.7500000e+03 2.7600000e+03 6.5380041e-01
2.7600000e+03 2.7700000e+03 6.3599357e-01
2.7700000e+03 2.7800000e+03 6.6372707e-01
2.7800000e+03 2.7900000e+03 8.1219469e-01
2.7900000e+03 2.8000000e+03 8.5774652e-01
2.8000000e+03 2.8100000e+03 8.2576043e-01
2.8100000e+03 2.8200000e+03 7.8956506e-01
2.8200000e+03 2.8300000e+03 6.8914853e-01
2.8300000e+03 2.8400000e+03 6.8624700e-01
2.8400000e+03 2.8500000e+03 8.5346387e-01
2.8500000e+03 2.8600000e+03 8.4692588e-01
2.8600000e+03 2.8700000e+03 6.8430790e-01
2.8700000e+03 2.8800000e+03 5.8297476e-01
2.8800000e+03 2.8900000e+03 6.3961962e-01
2.8900000e+03 2.9000000e+03 5.8594935e-01
2.9000000e+03 2.9100000e+03 6.5613678e-01
2.9100000e+03 2.9200000e+03 6.0704417e-01
2.9200000e+03 2.9300000e+03 5.7499615e-01
2.9300000e+03 2.9400000e+03 5.7400629e-01
2.9400000e+03 2.9500000e+03 6.1546505e-01
2.9500000e+03 2.9600000e+03 5.7008880e-01
2.9600000e+03 2.9700000e+03 6.2849866e-01
2.9700000e+03 2.9800000e+03 5.8957778e-01
2.9800000e+03 2.9900000e+03 5.8217594e-01
2.9900000e+03 3.0000000e+03 5.9292727e-01
3.0000000e+03 3.0100000e+03 5.9516577e-01
3.0100000e+03 3.0200000e+03 5.7187300e-01
3.0200000e+03 3.0300000e+03 5.3980457e-01
3.0300000e+03 3.0400000e+03 5.5673054e-01
3.0400000e+03 3.0500000e+03 5.8975240e-01
3.0500000e+03 3.0600000e+03 6.1260168e-01
3.0600000e+03 3.0700000e+03 6.1741695e-01
3.0700000e+03 3.0800000e+03 6.5557333e-01
3.0800000e+03 3.0900000e+03 6.9019680e-01
3.0900000e+03 3.1000000e+03 6.5635967e-01
3.1000000e+03 3.1100000e+03 5.8951073e-01
3.1100000e+03 3.1200000e+03 6.2313810e-01
3.1200000e+03 3.1300000e+03 6.4858525e-01
3.1300000e+03 3.1400000e+03 6.6544916e-01
3.1400000e+03 3.1500000e+03 6.3525882e-01
3.1500000e+03 3.1600000e+03 6.5998058e-01
3.1600000e+03 3.1700000e+03 6.5857317e-01
3.1700000e+03 3.1800000e+03 6.9516500e-01
3.1800000e+03 3.1900000e+03 6.1334315e-01
3.1900000e+03 3.2000000e+03 5.6895708e-01
3.2000000e+03 3.2100000e+03 6.9285977e-01
3.2100000e+03 3.2200000e+03 5.6328675e-01
3.2200000e+03 3.2300000e+03 6.1556613e-01
3.2300000e+03 3.2400000e+03 5.8866143e-01
3.2400000e+03 3.2500000e+03 5.8065115e-01
3.2500000e+03 3.2600000e+03 6.4150044e-01
3.2600000e+03 3.2700000e+03 7.3488309e-01
3.2700000e+03 3.2800000e+03 6.8277156e-01
3.2800000e+03 3.2900000e+03 6.6460767e-01
3.2900000e+03 3.3000000e+03 8.3503804e-01
3.3000000e+03 3.3100000e+03 7.2347562e-01
3.3100000e+03 3.3200000e+03 7.9524199e-01
3.3200000e+03 3.3300000e+03 6.9983560e-01
3.3300000e+03 3.3400000e+03 7.5072064e-01
3.3400000e+03 3.3500000e+03 7.5692533e-01
3.3500000e+03 3.3600000e+03 6.7776897e-01
3.3600000e+03 3.3700000e+03 6.8961407e-01
3.3700000e+03 3.3800000e+03 7.2004727e-01
3.3800000e+03 3.3900000e+03 6.8629564e-01
3.3900000e+03 3.4000000e+03 6.8870837e-01
3.4000000e+03 3.4100000e+03 6.0830807e-01
3.4100000e+03 3.4200000e+03 6.6495740e-01
3.4200000e+03 3.4300000e+03 6.4572710e-01
3.4300000e+03 3.4400000e+03 7.2014740e-01
3.4400000e+03 3.4500000e+03 6.1492334e-01
3.4500000e+03 3.4600000e+03 6.7839809e-01
3.4600000e+03 3.4700000e+03 6.6883804e-01
3.4700000e+03 3.4800000e+03 6.4592630e-01
3.4800000e+03 3.4900000e+03 7.5136742e-01
3.4900000e+03 3.5000000e+03 6.5024227e-01
3.5000000e+03 3.5100000e+03 7.1229412e-01
3.5100000e+03 3.5200000e+03 6.2147723e-01
3.5200000e+03 3.5300000e+03 5.3581774e-01
3.5300000e+03 3.5400000e+03 6.4982466e-01
3.5400000e+03 3.5500000e+03 6.6147251e-01
3.5500000e+03 3.5600000e+03 7.0821234e-01
3.5600000e+03 3.5700000e+03 6.5487038e-01
3.5700000e+03 3.5800000e+03 6.1577060e-01
3.5800000e+03 3.5900000e+03 6.3325618e-01
3.5900000e+03 3.6000000e+03 7.0016666e-01
3.6000000e+03 3.6100000e+03 6.1169549e-01
3.6100000e+03 3.6200000e+03 6.2355763e-01
3.6200000e+03 3.6300000e+03 7.0916855e-01
3.6300000e+03 3.6400000e+03 5.9023951e-01
3.6400000e+03 3.6500000e+03 6.2407085e-01
3.6500000e+03 3.6600000e+03 7.1136164e-01
3.6600000e+03 3.6700000e+03 6.9944599e-01
3.6700000e+03 3.6800000e+03 6.6489398e-01
3.6800000e+03 3.6900000e+03 5.6075499e-01
3.6900000e+03 3.7000000e+03 7.8204469e-01
3.7000000e+03 3.7100000e+03 6.5160278e-01
3.7100000e+03 3.7200000e+03 8.1324192e-01
3.7200000e+03 3.7300000e+03 6.6537316e-01
3.7300000e+03 3.7400000e+03 6.6481233e-01
3.7400000e+03 3.7500000e+03 6.4106284e-01
3.7500000e+03 3.7600000e+03 6.4947708e-01
3.7600000e+03 3.7700000e+03 7.2043498e-01
3.7700000e+03 3.7800000e+03 7.1999118e-01
3.7800000e+03 3.7900000e+03 7.4323788e-01
3.7900000e+03 3.8000000e+03 7.6636987e-01
3.8000000e+03 3.8100000e+03 7.8192163e-01
3.8100000e+03 3.8200000e+03 7.0999159e-01
3.8200000e+03 3.8300000e+03 7.3275745e-01
3.8300000e+03 3.8400000e+03 8.6853542e-01
3.8400000e+03 3.8500000e+03 6.8346510e-01
3.8500000e+03 3.8600000e+03 7.4161854e-01
3.8600000e+03 3.8700000e+03 8.2135084e-01
3.8700000e+03 3.8800000e+03 7.8736717e-01
3.8800000e+03 3.8900000e+03 8.3472648e-01
3.8900000e+03 3.9000000e+03 6.4855550e-01
3.9000000e+03 3.9100000e+03 7.1312812e-01
3.9100000e+03 3.9200000e+03 7.6703197e-01
3.9200000e+03 3.9300000e+03 8.2542838e-01
3.9300000e+03 3.9400000e+03 8.3987682e-01
3.9400000e+03 3.9500000e+03 7.4977876e-01
3.9500000e+03 3.9600000e+03 8.1952761e-01
3.9600000e+03 3.9700000e+03 7.3908077e-01
3.9700000e+03 3.9800000e+03 6.8772921e-01
3.9800000e+03 3.9900000e+03 8.0780902e-01
3.9900000e+03 4.0000000e+03 8.2135809e-01
4.0000000e+03 4.0100000e+03 8.6396858e-01
4.0100000e+03 4.0200000e+03 8.9001660e-01
4.0200000e+03 4.0300000e+03 8.7993406e-01
4.0300000e+03 4.0400000e+03 8.4367160e-01
4.0400000e+03 4.0500000e+03 7.8740215e-01
4.0500000e+03 4.0600000e+03 8.4877871e-01
4.0600000e+03 4.0700000e+03 8.7927451e-01
4.0700000e+03 4.0800000e+03 7.3800819e-01
4.0800000e+03 4.0900000e+03 9.2615885e-01
4.0900000e+03 4.1000000e+03 9.4832454e-01
4.1000000e+03 4.1100000e+03 9.1292943e-01
4.1100000e+03 4.1200000e+03 9.4122002e-01
4.1200000e+03 4.1300000e+03 9.1162482e-01
4.1300000e+03 4.1400000e+03 9.1579797e-01
4.1400000e+03 4.1500000e+03 9.3037916e-01
4.1500000e+03 4.1600000e+03 9.4549570e-01
4.1600000e+03 4.1700000e+03 9.5589263e-01
4.1700000e+03 4.1800000e+03 9.1331515e-01
4.1800000e+03 4.1900000e+03 9.4262810e-01
4.1900000e+03 4.2000000e+03 9.1202720e-01
4.2000000e+03 4.2100000e+03 8.9125376e-01
4.2100000e+03 4.2200000e+03 9.2559409e-01
4.2200000e+03 4.2300000e+03 7.5549095e-01
4.2300000e+03 4.2400000e+03 9.0737057e-01
4.2400000e+03 4.2500000e+03 9.0807207e-01
4.2500000e+03 4.2600000e+03 9.2416239e-01
4.2600000e+03 4.2700000e+03 9.2333156e-01
4.2700000e+03 4.2800000e+03 9.0717241e-01
4.2800000e+03 4.2900000e+03 8.5407308e-01
4.2900000e+03 4.3000000e+03 8.3489592e-01
4.3000000e+03 4.3100000e+03 8.3055608e-01
4.3100000e+03 4.3200000e+03 9.1374401e-01
4.3200000e+03 4.3300000e+03 9.1644863e-01
4.3300000e+03 4.3400000e+03 9.9049296e-01
4.3400000e+03 4.3500000e+03 9.2179092e-01
4.3500000e+03 4.3600000e+03 9.5441659e-01
4.3600000e+03 4.3700000e+03 9.5514063e-01
4.3700000e+03 4.3800000e+03 9.4682888e-01
4.3800000e+03 4.3900000e+03 8.9444353e-01
4.3900000e+03 4.4000000e+03 9.5648482e-01
4.4000000e+03 4.4100000e+03 9.0879752e-01
4.4100000e+03 4.4200000e+03 9.4980507e-01
4.4200000e+03 4.4300000e+03 9.5812122e-01
4.4300000e+03 4.4400000e+03 9.2074172e-01
4.4400000e+03 4.4500000e+03 9.5648081e-01
4.4500000e+03 4.4600000e+03 8.6300087e-01
4.4600000e+03 4.4700000e+03 9.4657285e-01
4.4700000e+03 4.4800000e+03 9.6604459e-01
4.4800000e+03 4.4900000e+03 9.5805626e-01
4.4900000e+03 4.5000000e+03 9.5871726e-01
4.5000000e+03 4.5100000e+03 9.6319177e-01
4.5100000e+03 4.5200000e+03 9.7654605e-01
4.5200000e+03 4.5300000e+03 9.4858200e-01
4.5300000e+03 4.5400000e+03 9.5993390e-01
4.5400000e+03 4.5500000e+03 9.5956272e-01
4.5500000e+03 4.5600000e+03 9.6768713e-01
4.5600000e+03 4.5700000e+03 9.6912589e-01
4.5700000e+03 4.5800000e+03 9.7003179e-01
4.5800000e+03 4.5900000e+03 9.5800849e-01
4.5900000e+03 4.6000000e+03 9.6981176e-01
4.6000000e+03 4.6100000e+03 9.6892009e-01
4.6100000e+03 4.6200000e+03 9.6929053e-01
4.6200000e+03 4.6300000e+03 9.7127242e-01
4.6300000e+03 4.6400000e+03 9.6918381e-01
4.6400000e+03 4.6500000e+03 9.6696192e-01
4.6500000e+03 4.6600000e+03 9.7042329e-01
4.6600000e+03 4.6700000e+03 9.7113607e-01
4.6700000e+03 4.6800000e+03 9.6703900e-01
4.6800000e+03 4.6900000e+03 9.8119412e-01
4.6900000e+03 4.7000000e+03 9.7623121e-01
4.7000000e+03 4.7100000e+03 9.6439145e-01
4.7100000e+03 4.7200000e+03 9.7230058e-01
4.7200000e+03 4.7300000e+03 9.7711809e-01
4.7300000e+03 4.7400000e+03 9.6998582e-01
4.7400000e+03 4.7500000e+03 9.7400630e-01
4.7500000e+03 4.7600000e+03 9.6843768e-01
4.7600000e+03 4.7700000e+03 9.7748873e-01
4.7700000e+03 4.7800000e+03 9.7821125e-01
4.7800000e+03 4.7900000e+03 9.7358274e-01
4.7900000e+03 4.8000000e+03 9.8995013e-01
4.8000000e+03 4.8100000e+03 9.8193380e-01
4.8100000e+03 4.8200000e+03 9.8292670e-01
4.8200000e+03 4.8300000e+03 9.6406911e-01
4.8300000e+03 4.8400000e+03 9.7705882e-01
4.8400000e+03 4.8500000e+03 9.7513093e-01
4.8500000e+03 4.8600000e+03 9.7795029e-01
4.8600000e+03 4.8700000e+03 9.5195370e-01
4.8700000e+03 4.8800000e+03 9.6765824e-01
4.8800000e+03 4.8900000e+03 9.8079436e-01
4.8900000e+03 4.9000000e+03 9.5775821e-01
4.9000000e+03 4.9100000e+03 9.6572912e-01
4.9100000e+03 4.9200000e+03 9.6001010e-01
4.9200000e+03 4.9300000e+03 9.6696542e-01
4.9300000e+03 4.9400000e+03 9.7174764e-01
4.9400000e+03 4.9500000e+03 9.7235717e-01
4.9500000e+03 4.9600000e+03 9.6642236e-01
4.9600000e+03 4.9700000e+03 9.7379646e-01
4.9700000e+03 4.9800000e+03 9.7616643e-01
4.9800000e+03 4.9900000e+03 9.6165546e-01
4.9900000e+03 5.0000000e+03 9.7179087e-01
5.0000000e+03 5.0100000e+03 9.6272057e-01
5.0100000e+03 5.0200000e+03 9.6882570e-01
5.0200000e+03 5.0300000e+03 9.7552421e-01
5.0300000e+03 5.0400000e+03 9.7683356e-01
5.0400000e+03 5.0500000e+03 9.6955075e-01
5.0500000e+03 5.0600000e+03 9.5252615e-01
5.0600000e+03 5.0700000e+03 9.6917564e-01
5.0700000e+03 5.0800000e+03 9.7868440e-01
5.0800000e+03 5.0900000e+03 9.6510779e-01
5.0900000e+03 5.1000000e+03 9.7871598e-01
5.1000000e+03 5.1100000e+03 9.6602721e-01
5.1100000e+03 5.1200000e+03 9.4839378e-01
5.1200000e+03 5.1300000e+03 9.7301205e-01
5.1300000e+03 5.1400000e+03 9.7313602e-01
5.1400000e+03 5.1500000e+03 9.7381401e-01
5.1500000e+03 5.1600000e+03 9.7429979e-01
5.1600000e+03 5.1700000e+03 9.4354956e-01
5.1700000e+03 5.1800000e+03 9.2775814e-01
5.1800000e+03 5.1900000e+03 8.8732557e-01
5.1900000e+03 5.2000000e+03 9.6479953e-01
5.2000000e+03 5.2100000e+03 9.7504912e-01
5.2100000e+03 5.2200000e+03 9.6687521e-01
5.2200000e+03 5.2300000e+03 9.6681719e-01
5.2300000e+03 5.2400000e+03 9.6386731e-01
5.2400000e+03 5.2500000e+03 9.6726087e-01
5.2500000e+03 5.2600000e+03 9.7699446e-01
5.2600000e+03 5.2700000e+03 9.2864843e-01
5.2700000e+03 5.2800000e+03 9.7199835e-01
5.2800000e+03 5.2900000e+03 9.6347613e-01
5.2900000e+03 5.3000000e+03 9.7403737e-01
5.3000000e+03 5.3100000e+03 9.5801530e-01
5.3100000e+03 5.3200000e+03 9.7714446e-01
5.3200000e+03 5.3300000e+03 9.6762794e-01
5.3300000e+03 5.3400000e+03 9.6381293e-01
5.3400000e+03 5.3500000e+03 9.6577711e-01
5.3500000e+03 5.3600000e+03 9.7758196e-01
5.3600000e+03 5.3700000e+03 9.6673550e-01
5.3700000e+03 5.3800000e+03 9.5352183e-01
5.3800000e+03 5.3900000e+03 9.5924547e-01
5.3900000e+03 5.4000000e+03 9.6224828e-01
5.4000000e+03 5.4100000e+03 9.6549235e-01
5.4100000e+03 5.4200000e+03 9.6363170e-01
5.4200000e+03 5.4300000e+03 9.6437227e-01
5.4300000e+03 5.4400000e+03 9.5423699e-01
5.4400000e+03 5.4500000e+03 9.4948496e-01
5.4500000e+03 5.4600000e+03 9.4362839e-01
5.4600000e+03 5.4700000e+03 9.6454705e-01
5.4700000e+03 5.4800000e+03 9.6197032e-01
5.4800000e+03 5.4900000e+03 9.7729020e-01
5.4900000e+03 5.5000000e+03 9.5521326e-01
5.5000000e+03 5.5100000e+03 9.5475628e-01
5.5100000e+03 5.5200000e+03 9.7953350e-01
5.5200000e+03 5.5300000e+03 9.6773048e-01
5.5300000e+03 5.5400000e+03 9.8128510e-01
5.5400000e+03 5.5500000e+03 9.8227244e-01
5.5500000e+03 5.5600000e+03 9.8215381e-01
5.5600000e+03 5.5700000e+03 9.7765403e-01
5.5700000e+03 5.5800000e+03 9.5870160e-01
5.5800000e+03 5.5900000e+03 9.6705231e-01
5.5900000e+03 5.6000000e+03 9.7748475e-01
5.6000000e+03 5.6100000e+03 9.6041598e-01
5.6100000e+03 5.6200000e+03 9.5752498e-01
5.6200000e+03 5.6300000e+03 9.6290905e-01
5.6300000e+03 5.6400000e+03 9.7937182e-01
5.6400000e+03 5.6500000e+03 9.7830696e-01
5.6500000e+03 5.6600000e+03 9.7618663e-01
5.6600000e+03 5.6700000e+03 9.7733052e-01
5.6700000e+03 5.6800000e+03 9.7652320e-01
5.6800000e+03 5.6900000e+03 9.7865475e-01
5.6900000e+03 5.7000000e+03 9.9042377e-01
5.7000000e+03 5.7100000e+03 9.7799847e-01
5.7100000e+03 5.7200000e+03 9.8001565e-01
5.7200000e+03 5.7300000e+03 9.9271715e-01
5.7300000e+03 5.7400000e+03 9.9384746e-01
5.7400000e+03 5.7500000e+03 9.8902378e-01
5.7500000e+03 5.7600000e+03 9.7937262e-01
5.7600000e+03 5.7700000e+03 9.6780146e-01
5.7700000e+03 5.7800000e+03 9.9034503e-01
5.7800000e+03 5.7900000e+03 9.8509577e-01
5.7900000e+03 5.8000000e+03 9.7687338e-01
5.8000000e+03 5.8100000e+03 9.9224550e-01
5.8100000e+03 5.8200000e+03 9.8522517e-01
5.8200000e+03 5.8300000e+03 9.9796446e-01
5.8300000e+03 5.8400000e+03 9.9442635e-01
5.8400000e+03 5.8500000e+03 9.9219822e-01
5.8500000e+03 5.8600000e+03 9.6675600e-01
5.8600000e+03 5.8700000e+03 9.6137311e-01
5.8700000e+03 5.8800000e+03 9.9890197e-01
5.8800000e+03 5.8900000e+03 9.5341626e-01
5.8900000e+03 5.9000000e+03 9.6707885e-01
5.9000000e+03 5.9100000e+03 9.8831698e-01
5.9100000e+03 5.9200000e+03 9.6291177e-01
5.9200000e+03 5.9300000e+03 9.8747733e-01
5.9300000e+03 5.9400000e+03 9.6321364e-01
5.9400000e+03 5.9500000e+03 9.8671255e-01
5.9500000e+03 5.9600000e+03 9.8544529e-01
5.9600000e+03 5.9700000e+03 9.9658492e-01
5.9700000e+03 5.9800000e+03 9.6041896e-01
5.9800000e+03 5.9900000e+03 9.7408481e-01
5.9900000e+03 6.0000000e+03 9.9123741e-01
6.0000000e+03 6.0100000e+03 9.7338147e-01
6.0100000e+03 6.0200000e+03 9.7641689e-01
6.0200000e+03 6.0300000e+03 9.7295781e-01
6.0300000e+03 6.0400000e+03 9.9907677e-01
6.0400000e+03 6.0500000e+03 9.9971435e-01
6.0500000e+03 6.0600000e+03 9.8203977e-01
6.0600000e+03 6.0700000e+03 9.4095420e-01
6.0700000e+03 6.0800000e+03 9.8045993e-01
6.0800000e+03 6.0900000e+03 9.9524683e-01
6.0900000e+03 6.1000000e+03 9.9605126e-01
6.1000000e+03 6.1100000e+03 9.6487090e-01
6.1100000e+03 6.1200000e+03 9.9191549e-01
6.1200000e+03 6.1300000e+03 9.5889644e-01
6.1300000e+03 6.1400000e+03 9.6291077e-01
6.1400000e+03 6.1500000e+03 9.6765231e-01
6.1500000e+03 6.1600000e+03 9.7967269e-01
6.1600000e+03 6.1700000e+03 9.7853162e-01
6.1700000e+03 6.1800000e+03 9.8031634e-01
6.1800000e+03 6.1900000e+03 9.8857957e-01
6.1900000e+03 6.2000000e+03 9.4954016e-01
6.2000000e+03 6.2100000e+03 9.7635743e-01
6.2100000e+03 6.2200000e+03 9.6860561e-01
6.2200000e+03 6.2300000e+03 9.9449066e-01
6.2300000e+03 6.2400000e+03 9.6545796e-01
6.2400000e+03 6.2500000e+03 9.8269530e-01
6.2500000e+03 6.2600000e+03 9.7480149e-01
6.2600000e+03 6.2700000e+03 9.5668291e-01
6.2700000e+03 6.2800000e+03 9.7500989e-01
6.2800000e+03 6.2900000e+03 9.8582525e-01
6.2900000e+03 6.3000000e+03 9.7868599e-01
6.3000000e+03 6.3100000e+03 9.7012855e-01
6.3100000e+03 6.3200000e+03 9.7675402e-01
6.3200000e+03 6.3300000e+03 9.7259044e-01
6.3300000e+03 6.3400000e+03 9.6242414e-01
6.3400000e+03 6.3500000e+03 9.9127755e-01
6.3500000e+03 6.3600000e+03 9.7681587e-01
6.3600000e+03 6.3700000e+03 9.9499321e-01
6.3700000e+03 6.3800000e+03 9.9616360e-01
6.3800000e+03 6.3900000e+03 9.8923358e-01
6.3900000e+03 6.4000000e+03 9.4667406e-01
6.4000000e+03 6.4100000e+03 9.5568276e-01
6.4100000e+03 6.4200000e+03 9.6719058e-01
6.4200000e+03 6.4300000e+03 9.4549677e-01
6.4300000e+03 6.4400000e+03 9.5537542e-01
6.4400000e+03 6.4500000e+03 9.5435841e-01
6.4500000e+03 6.4600000e+03 9.8403711e-01
6.4600000e+03 6.4700000e+03 9.5840782e-01
6.4700000e+03 6.4800000e+03 9.5766827e-01
6.4800000e+03 6.4900000e+03 9.8157202e-01
6.4900000e+03 6.5000000e+03 9.7926026e-01
6.5000000e+03 6.5100000e+03 9.7825497e-01
6.5100000e+03 6.5200000e+03 9.9080238e-01
6.5200000e+03 6.5300000e+03 9.9855492e-01
6.5300000e+03 6.5400000e+03 9.9707102e-01
6.5400000e+03 6.5500000e+03 9.5067099e-01
6.5500000e+03 6.5600000e+03 9.9955700e-01
6.5600000e+03 6.5700000e+03 9.8022809e-01
6.5700000e+03 6.5800000e+03 9.8735970e-01
6.5800000e+03 6.5900000e+03 9.9368437e-01
6.5900000e+03 6.6000000e+03 9.6084259e-01
6.6000000e+03 6.6100000e+03 9.7622094e-01
6.6100000e+03 6.6200000e+03 9.9976460e-01
6.6200000e+03 6.6300000e+03 9.9873751e-01
6.6300000e+03 6.6400000e+03 9.8978462e-01
6.6400000e+03 6.6500000e+03 9.7249856e-01
6.6500000e+03 6.6600000e+03 9.9912314e-01
6.6600000e+03 6.6700000e+03 9.8011516e-01
6.6700000e+03 6.6800000e+03 9.4188609e-01
6.6800000e+03 6.6900000e+03 9.9861535e-01
6.6900000e+03 6.7000000e+03 9.9495513e-01
6.7000000e+03 6.7100000e+03 9.9637469e-01
6.7100000e+03 6.7200000e+03 9.7541782e-01
6.7200000e+03 6.7300000e+03 9.9034101e-01
6.7300000e+03 6.7400000e+03 9.9648818e-01
6.7400000e+03 6.7500000e+03 9.9886721e-01
6.7500000e+03 6.7600000e+03 9.7681730e-01
6.7600000e+03 6.7700000e+03 9.7149275e-01
6.7700000e+03 6.7800000e+03 9.9135564e-01
6.7800000e+03 6.7900000e+03 9.9641790e-01
6.7900000e+03 6.8000000e+03 9.9475288e-01
6.8000000e+03 6.8100000e+03 9.7192865e-01
6.8100000e+03 6.8200000e+03 9.9471054e-01
6.8200000e+03 6.8300000e+03 9.9161165e-01
6.8300000e+03 6.8400000e+03 9.9772374e-01
6.8400000e+03 6.8500000e+03 9.8633961e-01
6.8500000e+03 6.8600000e+03 9.8276252e-01
6.8600000e+03 6.8700000e+03 9.6886198e-01
6.8700000e+03 6.8800000e+03 9.9917211e-01
6.8800000e+03 6.8900000e+03 9.9501980e-01
6.8900000e+03 6.9000000e+03 9.9863172e-01
6.9000000e+03 6.9100000e+03 9.9942096e-01
6.9100000e+03 6.9200000e+03 9.8434233e-01
6.9200000e+03 6.9300000e+03 9.9114912e-01
6.9300000e+03 6.9400000e+03 9.9708754e-01
6.9400000e+03 6.9500000e+03 9.6483808e-01
6.9500000e+03 6.9600000e+03 9.9735451e-01
6.9600000e+03 6.9700000e+03 9.9847932e-01
6.9700000e+03 6.9800000e+03 9.8882210e-01
6.9800000e+03 6.9900000e+03 9.9824358e-01
6.9900000e+03 7.0000000e+03 9.9371175e-01
7.0000000e+03 7.0100000e+03 9.9994460e-01
7.0100000e+03 7.0200000e+03 9.9010686e-01
7.0200000e+03 7.0300000e+03 9.9162137e-01
7.0300000e+03 7.0400000e+03 9.9052253e-01
7.0400000e+03 7.0500000e+03 9.9816241e-01
7.0500000e+03 7.0600000e+03 9.9887714e-01
7.0600000e+03 7.0700000e+03 9.9138023e-01
7.0700000e+03 7.0800000e+03 9.9772735e-01
7.0800000e+03 7.0900000e+03 9.9650361e-01
7.0900000e+03 7.1000000e+03 9.8906160e-01
7.1000000e+03 7.1100000e+03 9.9891861e-01
7.1100000e+03 7.1200000e+03 9.9721260e-01
7.1200000e+03 7.1300000e+03 9.6252965e-01
7.1300000e+03 7.1400000e+03 9.7759805e-01
7.1400000e+03 7.1500000e+03 9.5663261e-01
7.1500000e+03 7.1600000e+03 9.8869471e-01
7.1600000e+03 7.1700000e+03 9.7224887e-01
7.1700000e+03 7.1800000e+03 9.9298704e-01
7.1800000e+03 7.1900000e+03 9.7261746e-01
7.1900000e+03 7.2000000e+03 9.9407187e-01
7.2000000e+03 7.2100000e+03 9.7219559e-01
7.2100000e+03 7.2200000e+03 9.9601213e-01
7.2200000e+03 7.2300000e+03 9.7946516e-01
7.2300000e+03 7.2400000e+03 9.9487977e-01
7.2400000e+03 7.2500000e+03 9.9200989e-01
7.2500000e+03 7.2600000e+03 9.9265745e-01
7.2600000e+03 7.2700000e+03 9.8851551e-01
7.2700000e+03 7.2800000e+03 9.9166586e-01
7.2800000e+03 7.2900000e+03 9.8101715e-01
7.2900000e+03 7.3000000e+03 9.8862851e-01
7.3000000e+03 7.3100000e+03 9.8279292e-01
7.3100000e+03 7.3200000e+03 9.8912459e-01
7.3200000e+03 7.3300000e+03 9.6259824e-01
7.3300000e+03 7.3400000e+03 9.9669722e-01
7.3400000e+03 7.3500000e+03 9.9922784e-01
7.3500000e+03 7.3600000e+03 9.8356356e-01
7.3600000e+03 7.3700000e+03 9.9642569e-01
7.3700000e+03 7.3800000e+03 9.9752527e-01
7.3800000e+03 7.3900000e+03 9.8419931e-01
7.3900000e+03 7.4000000e+03 9.8662807e-01
7.4000000e+03 7.4100000e+03 9.8423781e-01
7.4100000e+03 7.4200000e+03 9.8040959e-01
7.4200000e+03 7.4300000e+03 9.7417332e-01
7.4300000e+03 7.4400000e+03 9.9850166e-01
7.4400000e+03 7.4500000e+03 9.7108184e-01
7.4500000e+03 7.4600000e+03 9.9872607e-01
7.4600000e+03 7.4700000e+03 9.7151459e-01
7.4700000e+03 7.4800000e+03 9.9815382e-01
7.4800000e+03 7.4900000e+03 9.9890530e-01
7.4900000e+03 7.5000000e+03 9.6196017e-01
7.5000000e+03 7.5100000e+03 9.9893184e-01
7.5100000e+03 7.5200000e+03 9.5122701e-01
7.5200000e+03 7.5300000e+03 9.7332199e-01
7.5300000e+03 7.5400000e+03 9.9428156e-01
7.5400000e+03 7.5500000e+03 9.9966012e-01
7.5500000e+03 7.5600000e+03 9.6857629e-01
7.5600000e+03 7.5700000e+03 9.8465031e-01
7.5700000e+03 7.5800000e+03 9.8243520e-01
7.5800000e+03 7.5900000e+03 9.6982765e-01
7.5900000e+03 7.6000000e+03 9.9958609e-01
7.6000000e+03 7.6100000e+03 9.9871743e-01
7.6100000e+03 7.6200000e+03 9.6634538e-01
7.6200000e+03 7.6300000e+03 9.8884977e-01
7.6300000e+03 7.6400000e+03 9.9972700e-01
7.6400000e+03 7.6500000e+03 9.9951751e-01
7.6500000e+03 7.6600000e+03 9.8414249e-01
7.6600000e+03 7.6700000e+03 9.7027629e-01
7.6700000e+03 7.6800000e+03 9.9961090e-01
7.6800000e+03 7.6900000e+03 9.9108897e-01
7.6900000e+03 7.7000000e+03 9.8495402e-01
7.7000000e+03 7.7100000e+03 9.9984608e-01
7.7100000e+03 7.7200000e+03 9.7832207e-01
7.7200000e+03 7.7300000e+03 9.7982984e-01
7.7300000e+03 7.7400000e+03 9.9952155e-01
7.7400000e+03 7.7500000e+03 9.7745391e-01
7.7500000e+03 7.7600000e+03 9.9636751e-01
7.7600000e+03 7.7700000e+03 9.9980140e-01
7.7700000e+03 7.7800000e+03 9.9463748e-01
7.7800000e+03 7.7900000e+03 9.8300190e-01
7.7900000e+03 7.8000000e+03 9.7716697e-01
7.8000000e+03 7.8100000e+03 9.9457500e-01
7.8100000e+03 7.8200000e+03 9.9661718e-01
7.8200000e+03 7.8300000e+03 9.8835551e-01
7.8300000e+03 7.8400000e+03 9.6500328e-01
7.8400000e+03 7.8500000e+03 9.9819705e-01
7.8500000e+03 7.8600000e+03 9.6298321e-01
7.8600000e+03 7.8700000e+03 9.9879577e-01
7.8700000e+03 7.8800000e+03 9.9926026e-01
7.8800000e+03 7.8900000e+03 9.9914960e-01
7.8900000e+03 7.9000000e+03 9.9918718e-01
7.9000000e+03 7.9100000e+03 9.9835946e-01
7.9100000e+03 7.9200000e+03 9.9099848e-01
7.9200000e+03 7.9300000e+03 9.9966799e-01
7.9300000e+03 7.9400000e+03 9.7051186e-01
7.9400000e+03 7.9500000e+03 9.6794767e-01
7.9500000e+03 7.9600000e+03 9.9767935e-01
7.9600000e+03 7.9700000e+03 9.9964725e-01
7.9700000e+03 7.9800000e+03 9.9836089e-01
7.9800000e+03 7.9900000e+03 9.9965964e-01
7.9900000e+03 8.0000000e+03 9.5594833e-01
8.0000000e+03 8.0100000e+03 9.9887276e-01
8.0100000e+03 8.0200000e+03 9.9938221e-01
8.0200000e+03 8.0300000e+03 9.8640698e-01
8.0300000e+03 8.0400000e+03 9.9719149e-01
8.0400000e+03 8.0500000e+03 9.6829778e-01
8.0500000e+03 8.0600000e+03 9.9781161e-01
8.0600000e+03 8.0700000e+03 9.9972956e-01
8.0700000e+03 8.0800000e+03 9.9815305e-01
8.0800000e+03 8.0900000e+03 9.6665963e-01
8.0900000e+03 8.1000000e+03 9.8874917e-01
8.1000000e+03 8.1100000e+03 9.9957125e-01
8.1100000e+03 8.1200000e+03 9.9940128e-01
8.1200000e+03 8.1300000e+03 9.9965484e-01
8.1300000e+03 8.1400000e+03 9.9991699e-01
8.1400000e+03 8.1500000e+03 9.9961485e-01
8.1500000e+03 8.1600000e+03 9.9947105e-01
8.1600000e+03 8.1700000e+03 9.9531838e-01
8.1700000e+03 8.1800000e+03 9.9772822e-01
8.1800000e+03 8.1900000e+03 9.9448922e-01
8.1900000e+03 8.2000000e+03 9.7779761e-01
8.2000000e+03 8.2100000e+03 9.8888377e-01
8.2100000e+03 8.2200000e+03 9.7860027e-01
8.2200000e+03 8.2300000e+03 9.5390393e-01
8.2300000e+03 8.2400000e+03 9.8199524e-01
8.2400000e+03 8.2500000e+03 9.8649206e-01
8.2500000e+03 8.2600000e+03 9.9808131e-01
8.2600000e+03 8.2700000e+03 9.9860537e-01
8.2700000e+03 8.2800000e+03 9.9916581e-01
8.2800000e+03 8.2900000e+03 9.9985415e-01
8.2900000e+03 8.3000000e+03 9.9062842e-01
8.3000000e+03 8.3100000e+03 9.8946155e-01
8.3100000e+03 8.3200000e+03 9.9268647e-01
8.3200000e+03 8.3300000e+03 9.4809155e-01
8.3300000e+03 8.3400000e+03 9.8668388e-01
8.3400000e+03 8.3500000e+03 9.8820858e-01
8.3500000e+03 8.3600000e+03 9.9874204e-01
8.3600000e+03 8.3700000e+03 9.8602026e-01
8.3700000e+03 8.3800000e+03 9.9809782e-01
8.3800000e+03 8.3900000e+03 9.5572500e-01
8.3900000e+03 8.4000000e+03 9.9819528e-01
8.4000000e+03 8.4100000e+03 9.9726069e-01
8.4100000e+03 8.4200000e+03 9.8884530e-01
8.4200000e+03 8.4300000e+03 9.9218823e-01
8.4300000e+03 8.4400000e+03 9.8334962e-01
8.4400000e+03 8.4500000e+03 9.9615115e-01
8.4500000e+03 8.4600000e+03 9.9849060e-01
8.4600000e+03 8.4700000e+03 9.5466035e-01
8.4700000e+03 8.4800000e+03 9.9445284e-01
8.4800000e+03 8.4900000e+03 9.9558113e-01
8.4900000e+03 8.5000000e+03 9.6539223e-01
8.5000000e+03 8.5100000e+03 9.9557747e-01
8.5100000e+03 8.5200000e+03 9.6355454e-01
8.5200000e+03 8.5300000e+03 9.8386014e-01
8.5300000e+03 8.5400000e+03 9.9748569e-01
8.5400000e+03 8.5500000e+03 9.0500620e-01
8.5500000e+03 8.5600000e+03 9.8603131e-01
8.5600000e+03 8.5700000e+03 9.9986862e-01
8.5700000e+03 8.5800000e+03 9.9934566e-01
8.5800000e+03 8.5900000e+03 9.7810534e-01
8.5900000e+03 8.6000000e+03 9.9562517e-01
8.6000000e+03 8.6100000e+03 9.9885135e-01
8.6100000e+03 8.6200000e+03 9.6867770e-01
8.6200000e+03 8.6300000e+03 9.7002929e-01
8.6300000e+03 8.6400000e+03 9.9819009e-01
8.6400000e+03 8.6500000e+03 9.8820314e-01
8.6500000e+03 8.6600000e+03 9.9939962e-01
8.6600000e+03 8.6700000e+03 9.2839580e-01
8.6700000e+03 8.6800000e+03 9.6085072e-01
8.6800000e+03 8.6900000e+03 9.6257852e-01
8.6900000e+03 8.7000000e+03 9.8583579e-01
8.7000000e+03 8.7100000e+03 9.9939388e-01
8.7100000e+03 8.7200000e+03 9.9284720e-01
8.7200000e+03 8.7300000e+03 9.9382429e-01
8.7300000e+03 8.7400000e+03 9.7823499e-01
8.7400000e+03 8.7500000e+03 9.9181089e-01
8.7500000e+03 8.7600000e+03 9.6578187e-01
8.7600000e+03 8.7700000e+03 9.9926796e-01
8.7700000e+03 8.7800000e+03 9.8577108e-01
8.7800000e+03 8.7900000e+03 9.9906335e-01
8.7900000e+03 8.8000000e+03 9.7715261e-01
8.8000000e+03 8.8100000e+03 9.7119398e-01
8.8100000e+03 8.8200000e+03 9.9680887e-01
8.8200000e+03 8.8300000e+03 9.5050766e-01
8.8300000e+03 8.8400000e+03 9.6217825e-01
8.8400000e+03 8.8500000e+03 9.9412738e-01
8.8500000e+03 8.8600000e+03 9.9994873e-01
8.8600000e+03 8.8700000e+03 9.7435991e-01
8.8700000e+03 8.8800000e+03 9.9743207e-01
8.8800000e+03 8.8900000e+03 9.9957031e-01
8.8900000e+03 8.9000000e+03 9.9492883e-01
8.9000000e+03 8.9100000e+03 9.9944749e-01
8.9100000e+03 8.9200000e+03 9.8816341e-01
8.9200000e+03 8.9300000e+03 9.9090596e-01
8.9300000e+03 8.9400000e+03 9.9920661e-01
8.9400000e+03 8.9500000e+03 9.8482893e-01
8.9500000e+03 8.9600000e+03 9.9907405e-01
8.9600000e+03 8.9700000e+03 9.9629068e-01
8.9700000e+03 8.9800000e+03 9.9058608e-01
8.9800000e+03 8.9900000e+03 9.9755370e-01
8.9900000e+03 9.0000000e+03 9.5596399e-01
