1.0000000e+03 1.0100000e+03 9.3634232e-01
1.0100000e+03 1.0200000e+03 9.7933671e-01
1.0200000e+03 1.0300000e+03 9.9684816e-01
1.0300000e+03 1.0400000e+03 8.9715553e-01
1.0400000e+03 1.0500000e+03 9.1463556e-01
1.0500000e+03 1.0600000e+03 9.6847627e-01
1.0600000e+03 1.0700000e+03 9.3577788e-01
1.0700000e+03 1.0800000e+03 9.3789882e-01
1.0800000e+03 1.0900000e+03 9.1077809e-01
1.0900000e+03 1.1000000e+03 9.4936891e-01
1.1000000e+03 1.1100000e+03 9.4425475e-01
1.1100000e+03 1.1200000e+03 7.4851728e-01
1.1200000e+03 1.1300000e+03 6.8967914e-01
1.1300000e+03 1.1400000e+03 9.2680721e-01
1.1400000e+03 1.1500000e+03 9.1520191e-01
1.1500000e+03 1.1600000e+03 9.4806283e-01
1.1600000e+03 1.1700000e+03 9.5403811e-01
1.1700000e+03 1.1800000e+03 9.5241865e-01
1.1800000e+03 1.1900000e+03 9.4763222e-01
1.1900000e+03 1.2000000e+03 7.4099941e-01
1.2000000e+03 1.2100000e+03 9.1268279e-01
1.2100000e+03 1.2200000e+03 9.9938181e-01
1.2200000e+03 1.2300000e+03 9.6119831e-01
1.2300000e+03 1.2400000e+03 9.5472692e-01
1.2400000e+03 1.2500000e+03 6.8826953e-01
1.2500000e+03 1.2600000e+03 6.7159444e-01
1.2600000e+03 1.2700000e+03 3.4164584e-01
1.2700000e+03 1.2800000e+03 4.2258585e-01
1.2800000e+03 1.2900000e+03 5.8725222e-01
1.2900000e+03 1.3000000e+03 6.5719115e-01
1.3000000e+03 1.3100000e+03 5.6023238e-01
1.3100000e+03 1.3200000e+03 7.1936222e-01
1.3200000e+03 1.3300000e+03 6.7469527e-01
1.3300000e+03 1.3400000e+03 5.4351730e-01
1.3400000e+03 1.3500000e+03 8.9223310e-01
1.3500000e+03 1.3600000e+03 8.4732137e-01
1.3600000e+03 1.3700000e+03 8.8074746e-01
1.3700000e+03 1.3800000e+03 7.2434769e-01
1.3800000e+03 1.3900000e+03 4.1423284e-01
1.3900000e+03 1.4000000e+03 4.6629411e-01
1.4000000e+03 1.4100000e+03 7.1564321e-01
1.4100000e+03 1.4200000e+03 6.3361799e-01
1.4200000e+03 1.4300000e+03 8.3839063e-01
1.4300000e+03 1.4400000e+03 7.9226960e-01
1.4400000e+03 1.4500000e+03 9.1041761e-01
1.4500000e+03 1.4600000e+03 9.1921492e-01
1.4600000e+03 1.4700000e+03 8.5228241e-01
1.4700000e+03 1.4800000e+03 7.8655238e-01
1.4800000e+03 1.4900000e+03 8.9684293e-01
1.4900000e+03 1.5000000e+03 9.4016857e-01
1.5000000e+03 1.5100000e+03 9.3556678e-01
1.5100000e+03 1.5200000e+03 6.5176265e-01
1.5200000e+03 1.5300000e+03 9.2623702e-01
1.5300000e+03 1.5400000e+03 4.6666228e-01
1.5400000e+03 1.5500000e+03 2.0480603e-01
1.5500000e+03 1.5600000e+03 2.1740718e-01
1.5600000e+03 1.5700000e+03 1.8393223e-01
1.5700000e+03 1.5800000e+03 3.5139784e-01
1.5800000e+03 1.5900000e+03 2.8412919e-01
1.5900000e+03 1.6000000e+03 5.1325049e-01
1.6000000e+03 1.6100000e+03 4.7402396e-01
1.6100000e+03 1.6200000e+03 2.1796339e-01
1.6200000e+03 1.6300000e+03 2.2395067e-01
1.6300000e+03 1.6400000e+03 2.0009452e-01
1.6400000e+03 1.6500000e+03 3.3545192e-01
1.6500000e+03 1.6600000e+03 1.3989963e-01
1.6600000e+03 1.6700000e+03 6.1382835e-01
1.6700000e+03 1.6800000e+03 3.0885344e-01
1.6800000e+03 1.6900000e+03 4.6872891e-01
1.6900000e+03 1.7000000e+03 5.1721743e-01
1.7000000e+03 1.7100000e+03 2.2657729e-01
1.7100000e+03 1.7200000e+03 1.7684595e-01
1.7200000e+03 1.7300000e+03 1.7330230e-01
1.7300000e+03 1.7400000e+03 2.2866014e-01
1.7400000e+03 1.7500000e+03 2.8198074e-01
1.7500000e+03 1.7600000e+03 3.3902159e-01
1.7600000e+03 1.7700000e+03 2.5108846e-01
1.7700000e+03 1.7800000e+03 2.3243110e-01
1.7800000e+03 1.7900000e+03 3.1450988e-01
1.7900000e+03 1.8000000e+03 3.9492833e-01
1.8000000e+03 1.8100000e+03 3.4964280e-01
1.8100000e+03 1.8200000e+03 4.2543405e-01
1.8200000e+03 1.8300000e+03 2.8227757e-01
1.8300000e+03 1.8400000e+03 2.8198572e-01
1.8400000e+03 1.8500000e+03 3.2917069e-01
1.8500000e+03 1.8600000e+03 1.9108196e-01
1.8600000e+03 1.8700000e+03 2.1051161e-01
1.8700000e+03 1.8800000e+03 1.9591330e-01
1.8800000e+03 1.8900000e+03 1.7941669e-01
1.8900000e+03 1.9000000e+03 2.6111610e-01
1.9000000e+03 1.9100000e+03 1.9863209e-01
1.9100000e+03 1.9200000e+03 2.8528103e-01
1.9200000e+03 1.9300000e+03 4.7495285e-01
1.9300000e+03 1.9400000e+03 7.9472554e-01
1.9400000e+03 1.9500000e+03 4.5667558e-01
1.9500000e+03 1.9600000e+03 4.6182738e-01
1.9600000e+03 1.9700000e+03 6.1731266e-01
1.9700000e+03 1.9800000e+03 6.7119709e-01
1.9800000e+03 1.9900000e+03 6.3537553e-01
1.9900000e+03 2.0000000e+03 3.5232664e-01
2.0000000e+03 2.0100000e+03 2.5625742e-01
2.0100000e+03 2.0200000e+03 3.3008762e-01
2.0200000e+03 2.0300000e+03 2.1745601e-01
2.0300000e+03 2.0400000e+03 3.1092457e-01
2.0400000e+03 2.0500000e+03 5.2501937e-01
2.0500000e+03 2.0600000e+03 6.3012251e-01
2.0600000e+03 2.0700000e+03 4.6106354e-01
2.0700000e+03 2.0800000e+03 7.9160824e-01
2.0800000e+03 2.0900000e+03 5.9295102e-01
2.0900000e+03 2.1000000e+03 2.3640551e-01
2.1000000e+03 2.1100000e+03 1.2801520e-01
2.1100000e+03 2.1200000e+03 1.4852496e-01
2.1200000e+03 2.1300000e+03 1.5697949e-01
2.1300000e+03 2.1400000e+03 1.2422169e-01
2.1400000e+03 2.1500000e+03 1.2878141e-01
2.1500000e+03 2.1600000e+03 9.6569539e-02
2.1600000e+03 2.1700000e+03 1.2795878e-01
2.1700000e+03 2.1800000e+03 1.1182674e-01
2.1800000e+03 2.1900000e+03 1.1141271e-01
2.1900000e+03 2.2000000e+03 1.9263583e-01
2.2000000e+03 2.2100000e+03 1.6318669e-01
2.2100000e+03 2.2200000e+03 1.8945713e-01
2.2200000e+03 2.2300000e+03 1.5964370e-01
2.2300000e+03 2.2400000e+03 2.5001085e-01
2.2400000e+03 2.2500000e+03 2.0008281e-01
2.2500000e+03 2.2600000e+03 1.8383773e-01
2.2600000e+03 2.2700000e+03 1.6418205e-01
2.2700000e+03 2.2800000e+03 2.1402394e-01
2.2800000e+03 2.2900000e+03 1.3295372e-01
2.2900000e+03 2.3000000e+03 1.8413391e-01
2.3000000e+03 2.3100000e+03 1.5484762e-01
2.3100000e+03 2.3200000e+03 2.6998044e-01
2.3200000e+03 2.3300000e+03 2.2363080e-01
2.3300000e+03 2.3400000e+03 2.9967040e-01
2.3400000e+03 2.3500000e+03 3.5198765e-01
2.3500000e+03 2.3600000e+03 2.3582749e-01
2.3600000e+03 2.3700000e+03 3.3609972e-01
2.3700000e+03 2.3800000e+03 3.0553247e-01
2.3800000e+03 2.3900000e+03 4.3368473e-01
2.3900000e+03 2.4000000e+03 3.6264169e-01
2.4000000e+03 2.4100000e+03 3.8979749e-01
2.4100000e+03 2.4200000e+03 3.2553413e-01
2.4200000e+03 2.4300000e+03 2.5469682e-01
2.4300000e+03 2.4400000e+03 2.6442817e-01
2.4400000e+03 2.4500000e+03 2.4734069e-01
2.4500000e+03 2.4600000e+03 2.4293710e-01
2.4600000e+03 2.4700000e+03 2.8791485e-01
2.4700000e+03 2.4800000e+03 2.7519938e-01
2.4800000e+03 2.4900000e+03 5.3659273e-01
2.4900000e+03 2.5000000e+03 2.8282437e-01
2.5000000e+03 2.5100000e+03 2.8556156e-01
2.5100000e+03 2.5200000e+03 8.0702996e-01
2.5200000e+03 2.5300000e+03 8.6879955e-01
2.5300000e+03 2.5400000e+03 6.2708590e-01
2.5400000e+03 2.5500000e+03 5.0016434e-01
2.5500000e+03 2.5600000e+03 2.5805201e-01
2.5600000e+03 2.5700000e+03 2.9159890e-01
2.5700000e+03 2.5800000e+03 2.4577600e-01
2.5800000e+03 2.5900000e+03 2.6898918e-01
2.5900000e+03 2.6000000e+03 3.6022754e-01
2.6000000e+03 2.6100000e+03 3.5578495e-01
2.6100000e+03 2.6200000e+03 3.8771059e-01
2.6200000e+03 2.6300000e+03 3.5254976e-01
2.6300000e+03 2.6400000e+03 2.1873540e-01
2.6400000e+03 2.6500000e+03 2.4314760e-01
2.6500000e+03 2.6600000e+03 3.4016588e-01
2.6600000e+03 2.6700000e+03 2.4645772e-01
2.6700000e+03 2.6800000e+03 3.1894003e-01
2.6800000e+03 2.6900000e+03 3.0539177e-01
2.6900000e+03 2.7000000e+03 2.3090788e-01
2.7000000e+03 2.7100000e+03 2.2698682e-01
2.7100000e+03 2.7200000e+03 2.5047468e-01
2.7200000e+03 2.7300000e+03 3.2814149e-01
2.7300000e+03 2.7400000e+03 3.1562636e-01
2.7400000e+03 2.7500000e+03 3.9551101e-01
2.7500000e+03 2.7600000e+03 3.1833897e-01
2.7600000e+03 2.7700000e+03 3.4024008e-01
2.7700000e+03 2.7800000e+03 4.0565515e-01
2.7800000e+03 2.7900000e+03 6.9339399e-01
2.7900000e+03 2.8000000e+03 7.6670857e-01
2.8000000e+03 2.8100000e+03 6.6659413e-01
2.8100000e+03 2.8200000e+03 6.4041759e-01
2.8200000e+03 2.8300000e+03 5.5300867e-01
2.8300000e+03 2.8400000e+03 4.8573715e-01
2.8400000e+03 2.8500000e+03 6.7529977e-01
2.8500000e+03 2.8600000e+03 7.2118442e-01
2.8600000e+03 2.8700000e+03 4.7506304e-01
2.8700000e+03 2.8800000e+03 3.9142064e-01
2.8800000e+03 2.8900000e+03 3.6842049e-01
2.8900000e+03 2.9000000e+03 3.7968808e-01
2.9000000e+03 2.9100000e+03 5.3166151e-01
2.9100000e+03 2.9200000e+03 4.4214438e-01
2.9200000e+03 2.9300000e+03 3.3188595e-01
2.9300000e+03 2.9400000e+03 3.8345633e-01
2.9400000e+03 2.9500000e+03 3.6262093e-01
2.9500000e+03 2.9600000e+03 3.8293208e-01
2.9600000e+03 2.9700000e+03 3.7488644e-01
2.9700000e+03 2.9800000e+03 4.0244293e-01
2.9800000e+03 2.9900000e+03 3.1460649e-01
2.9900000e+03 3.0000000e+03 4.2120677e-01
3.0000000e+03 3.0100000e+03 3.4517166e-01
3.0100000e+03 3.0200000e+03 3.6437079e-01
3.0200000e+03 3.0300000e+03 2.9450701e-01
3.0300000e+03 3.0400000e+03 3.6070750e-01
3.0400000e+03 3.0500000e+03 4.0349332e-01
3.0500000e+03 3.0600000e+03 3.9713233e-01
3.0600000e+03 3.0700000e+03 4.3588726e-01
3.0700000e+03 3.0800000e+03 5.1172030e-01
3.0800000e+03 3.0900000e+03 5.5041730e-01
3.0900000e+03 3.1000000e+03 4.0950514e-01
3.1000000e+03 3.1100000e+03 3.8978719e-01
3.1100000e+03 3.1200000e+03 4.6397768e-01
3.1200000e+03 3.1300000e+03 4.8016944e-01
3.1300000e+03 3.1400000e+03 5.0583871e-01
3.1400000e+03 3.1500000e+03 4.0504110e-01
3.1500000e+03 3.1600000e+03 4.6955553e-01
3.1600000e+03 3.1700000e+03 4.4367582e-01
3.1700000e+03 3.1800000e+03 5.9267023e-01
3.1800000e+03 3.1900000e+03 3.9212680e-01
3.1900000e+03 3.2000000e+03 3.6158205e-01
3.2000000e+03 3.2100000e+03 5.6474145e-01
3.2100000e+03 3.2200000e+03 3.4033571e-01
3.2200000e+03 3.2300000e+03 3.7463976e-01
3.2300000e+03 3.2400000e+03 3.5676898e-01
3.2400000e+03 3.2500000e+03 4.0744142e-01
3.2500000e+03 3.2600000e+03 5.1886164e-01
3.2600000e+03 3.2700000e+03 6.5483124e-01
3.2700000e+03 3.2800000e+03 5.8097282e-01
3.2800000e+03 3.2900000e+03 5.4626708e-01
3.2900000e+03 3.3000000e+03 7.8529328e-01
3.3000000e+03 3.3100000e+03 6.3453965e-01
3.3100000e+03 3.3200000e+03 7.1325019e-01
3.3200000e+03 3.3300000e+03 5.9976420e-01
3.3300000e+03 3.3400000e+03 6.6858138e-01
3.3400000e+03 3.3500000e+03 6.7767600e-01
3.3500000e+03 3.3600000e+03 5.5162600e-01
3.3600000e+03 3.3700000e+03 5.1000390e-01
3.3700000e+03 3.3800000e+03 6.0327611e-01
3.3800000e+03 3.3900000e+03 5.7077545e-01
3.3900000e+03 3.4000000e+03 5.6162896e-01
3.4000000e+03 3.4100000e+03 4.6169073e-01
3.4100000e+03 3.4200000e+03 5.2452803e-01
3.4200000e+03 3.4300000e+03 4.9745867e-01
3.4300000e+03 3.4400000e+03 6.1797662e-01
3.4400000e+03 3.4500000e+03 4.4178912e-01
3.4500000e+03 3.4600000e+03 5.9146854e-01
3.4600000e+03 3.4700000e+03 5.5251594e-01
3.4700000e+03 3.4800000e+03 5.1548067e-01
3.4800000e+03 3.4900000e+03 6.9642302e-01
3.4900000e+03 3.5000000e+03 5.2025761e-01
3.5000000e+03 3.5100000e+03 6.4367855e-01
3.5100000e+03 3.5200000e+03 4.9915282e-01
3.5200000e+03 3.5300000e+03 3.4795418e-01
3.5300000e+03 3.5400000e+03 5.5681875e-01
3.5400000e+03 3.5500000e+03 5.7866081e-01
3.5500000e+03 3.5600000e+03 6.2538309e-01
3.5600000e+03 3.5700000e+03 5.0596590e-01
3.5700000e+03 3.5800000e+03 4.4036025e-01
3.5800000e+03 3.5900000e+03 4.1133905e-01
3.5900000e+03 3.6000000e+03 6.1465303e-01
3.6000000e+03 3.6100000e+03 4.4991880e-01
3.6100000e+03 3.6200000e+03 4.3611499e-01
3.6200000e+03 3.6300000e+03 6.3553381e-01
3.6300000e+03 3.6400000e+03 4.0830028e-01
3.6400000e+03 3.6500000e+03 4.7615334e-01
3.6500000e+03 3.6600000e+03 6.5643063e-01
3.6600000e+03 3.6700000e+03 6.2170949e-01
3.6700000e+03 3.6800000e+03 5.7773385e-01
3.6800000e+03 3.6900000e+03 4.2697939e-01
3.6900000e+03 3.7000000e+03 7.3314880e-01
3.7000000e+03 3.7100000e+03 5.1105661e-01
3.7100000e+03 3.7200000e+03 7.7992717e-01
3.7200000e+03 3.7300000e+03 5.7399904e-01
3.7300000e+03 3.7400000e+03 4.6651409e-01
3.7400000e+03 3.7500000e+03 4.2531511e-01
3.7500000e+03 3.7600000e+03 6.4479052e-01
3.7600000e+03 3.7700000e+03 6.1653564e-01
3.7700000e+03 3.7800000e+03 7.5146577e-01
3.7800000e+03 3.7900000e+03 6.7188004e-01
3.7900000e+03 3.8000000e+03 6.1001066e-01
3.8000000e+03 3.8100000e+03 7.4216790e-01
3.8100000e+03 3.8200000e+03 5.9139918e-01
3.8200000e+03 3.8300000e+03 5.5387351e-01
3.8300000e+03 3.8400000e+03 6.9261575e-01
3.8400000e+03 3.8500000e+03 5.5363188e-01
3.8500000e+03 3.8600000e+03 5.9918167e-01
3.8600000e+03 3.8700000e+03 7.3017810e-01
3.8700000e+03 3.8800000e+03 6.1217895e-01
3.8800000e+03 3.8900000e+03 6.6375364e-01
3.8900000e+03 3.9000000e+03 5.9859520e-01
3.9000000e+03 3.9100000e+03 6.2560715e-01
3.9100000e+03 3.9200000e+03 7.1740402e-01
3.9200000e+03 3.9300000e+03 7.5145265e-01
3.9300000e+03 3.9400000e+03 7.0575492e-01
3.9400000e+03 3.9500000e+03 6.7705551e-01
3.9500000e+03 3.9600000e+03 7.8912266e-01
3.9600000e+03 3.9700000e+03 5.6575222e-01
3.9700000e+03 3.9800000e+03 6.9026573e-01
3.9800000e+03 3.9900000e+03 7.7528417e-01
3.9900000e+03 4.0000000e+03 7.9071781e-01
4.0000000e+03 4.0100000e+03 8.4048403e-01
4.0100000e+03 4.0200000e+03 8.7061276e-01
4.0200000e+03 4.0300000e+03 8.5973128e-01
4.0300000e+03 4.0400000e+03 8.1267472e-01
4.0400000e+03 4.0500000e+03 7.3854129e-01
4.0500000e+03 4.0600000e+03 8.2097731e-01
4.0600000e+03 4.0700000e+03 8.5579057e-01
4.0700000e+03 4.0800000e+03 6.7556489e-01
4.0800000e+03 4.0900000e+03 9.1557042e-01
4.0900000e+03 4.1000000e+03 9.3619461e-01
4.1000000e+03 4.1100000e+03 9.1590252e-01
4.1100000e+03 4.1200000e+03 9.3526381e-01
4.1200000e+03 4.1300000e+03 8.9940069e-01
4.1300000e+03 4.1400000e+03 9.0074596e-01
4.1400000e+03 4.1500000e+03 9.1773469e-01
4.1500000e+03 4.1600000e+03 9.3720846e-01
4.1600000e+03 4.1700000e+03 9.4849071e-01
4.1700000e+03 4.1800000e+03 8.9696541e-01
4.1800000e+03 4.1900000e+03 9.3168073e-01
4.1900000e+03 4.2000000e+03 8.9072179e-01
4.2000000e+03 4.2100000e+03 8.7362346e-01
4.2100000e+03 4.2200000e+03 9.1060611e-01
4.2200000e+03 4.2300000e+03 7.0409070e-01
4.2300000e+03 4.2400000e+03 8.9017483e-01
4.2400000e+03 4.2500000e+03 8.9194442e-01
4.2500000e+03 4.2600000e+03 9.0724326e-01
4.2600000e+03 4.2700000e+03 9.0855477e-01
4.2700000e+03 4.2800000e+03 8.8067899e-01
4.2800000e+03 4.2900000e+03 8.1673923e-01
4.2900000e+03 4.3000000e+03 7.8425605e-01
4.3000000e+03 4.3100000e+03 7.3132821e-01
4.3100000e+03 4.3200000e+03 8.9641249e-01
4.3200000e+03 4.3300000e+03 8.9434638e-01
4.3300000e+03 4.3400000e+03 9.8382918e-01
4.3400000e+03 4.3500000e+03 9.4025742e-01
4.3500000e+03 4.3600000e+03 9.4601910e-01
4.3600000e+03 4.3700000e+03 9.5273589e-01
4.3700000e+03 4.3800000e+03 9.3923216e-01
4.3800000e+03 4.3900000e+03 8.7084037e-01
4.3900000e+03 4.4000000e+03 9.5045889e-01
4.4000000e+03 4.4100000e+03 8.9534023e-01
4.4100000e+03 4.4200000e+03 9.4441912e-01
4.4200000e+03 4.4300000e+03 9.5330117e-01
4.4300000e+03 4.4400000e+03 9.1020251e-01
4.4400000e+03 4.4500000e+03 9.5263982e-01
4.4500000e+03 4.4600000e+03 8.4544254e-01
4.4600000e+03 4.4700000e+03 9.4077053e-01
4.4700000e+03 4.4800000e+03 9.6488140e-01
4.4800000e+03 4.4900000e+03 9.5444816e-01
4.4900000e+03 4.5000000e+03 9.5640141e-01
4.5000000e+03 4.5100000e+03 9.6287877e-01
4.5100000e+03 4.5200000e+03 9.7576583e-01
4.5200000e+03 4.5300000e+03 9.4461027e-01
4.5300000e+03 4.5400000e+03 9.5748498e-01
4.5400000e+03 4.5500000e+03 9.5627018e-01
4.5500000e+03 4.5600000e+03 9.6701764e-01
4.5600000e+03 4.5700000e+03 9.6860831e-01
4.5700000e+03 4.5800000e+03 9.6954188e-01
4.5800000e+03 4.5900000e+03 9.5501796e-01
4.5900000e+03 4.6000000e+03 9.6871105e-01
4.6000000e+03 4.6100000e+03 9.6760316e-01
4.6100000e+03 4.6200000e+03 9.6772433e-01
4.6200000e+03 4.6300000e+03 9.7046282e-01
4.6300000e+03 4.6400000e+03 9.6682231e-01
4.6400000e+03 4.6500000e+03 9.6621804e-01
4.6500000e+03 4.6600000e+03 9.6981832e-01
4.6600000e+03 4.6700000e+03 9.6926053e-01
4.6700000e+03 4.6800000e+03 9.6666579e-01
4.6800000e+03 4.6900000e+03 9.8054002e-01
4.6900000e+03 4.7000000e+03 9.7504699e-01
4.7000000e+03 4.7100000e+03 9.6132734e-01
4.7100000e+03 4.7200000e+03 9.7133039e-01
4.7200000e+03 4.7300000e+03 9.7607156e-01
4.7300000e+03 4.7400000e+03 9.6856256e-01
4.7400000e+03 4.7500000e+03 9.7347065e-01
4.7500000e+03 4.7600000e+03 9.6813623e-01
4.7600000e+03 4.7700000e+03 9.7691722e-01
4.7700000e+03 4.7800000e+03 9.7808275e-01
4.7800000e+03 4.7900000e+03 9.7329445e-01
4.7900000e+03 4.8000000e+03 9.8953060e-01
4.8000000e+03 4.8100000e+03 9.8138257e-01
4.8100000e+03 4.8200000e+03 9.8260904e-01
4.8200000e+03 4.8300000e+03 9.6384095e-01
4.8300000e+03 4.8400000e+03 9.7669495e-01
4.8400000e+03 4.8500000e+03 9.7445060e-01
4.8500000e+03 4.8600000e+03 9.7640227e-01
4.8600000e+03 4.8700000e+03 9.5664495e-01
4.8700000e+03 4.8800000e+03 9.6672805e-01
4.8800000e+03 4.8900000e+03 9.7977678e-01
4.8900000e+03 4.9000000e+03 9.5722458e-01
4.9000000e+03 4.9100000e+03 9.6543031e-01
4.9100000e+03 4.9200000e+03 9.5765475e-01
4.9200000e+03 4.9300000e+03 9.6626700e-01
4.9300000e+03 4.9400000e+03 9.7069504e-01
4.9400000e+03 4.9500000e+03 9.7229399e-01
4.9500000e+03 4.9600000e+03 9.6606257e-01
4.9600000e+03 4.9700000e+03 9.7344186e-01
4.9700000e+03 4.9800000e+03 9.7578245e-01
4.9800000e+03 4.9900000e+03 9.5914692e-01
4.9900000e+03 5.0000000e+03 9.7126271e-01
5.0000000e+03 5.0100000e+03 9.6011078e-01
5.0100000e+03 5.0200000e+03 9.6676134e-01
5.0200000e+03 5.0300000e+03 9.7422456e-01
5.0300000e+03 5.0400000e+03 9.7597726e-01
5.0400000e+03 5.0500000e+03 9.6802075e-01
5.0500000e+03 5.0600000e+03 9.5233706e-01
5.0600000e+03 5.0700000e+03 9.6880062e-01
5.0700000e+03 5.0800000e+03 9.7814434e-01
5.0800000e+03 5.0900000e+03 9.6277593e-01
5.0900000e+03 5.1000000e+03 9.7828046e-01
5.1000000e+03 5.1100000e+03 9.6556939e-01
5.1100000e+03 5.1200000e+03 9.4826607e-01
5.1200000e+03 5.1300000e+03 9.7169447e-01
5.1300000e+03 5.1400000e+03 9.7231298e-01
5.1400000e+03 5.1500000e+03 9.7267685e-01
5.1500000e+03 5.1600000e+03 9.7376869e-01
5.1600000e+03 5.1700000e+03 9.3648415e-01
5.1700000e+03 5.1800000e+03 9.1927354e-01
5.1800000e+03 5.1900000e+03 8.6920011e-01
5.1900000e+03 5.2000000e+03 9.6256324e-01
5.2000000e+03 5.2100000e+03 9.7396075e-01
5.2100000e+03 5.2200000e+03 9.6649659e-01
5.2200000e+03 5.2300000e+03 9.6532384e-01
5.2300000e+03 5.2400000e+03 9.6351256e-01
5.2400000e+03 5.2500000e+03 9.6706605e-01
5.2500000e+03 5.2600000e+03 9.7590161e-01
5.2600000e+03 5.2700000e+03 9.1908482e-01
5.2700000e+03 5.2800000e+03 9.7144710e-01
5.2800000e+03 5.2900000e+03 9.6320647e-01
5.2900000e+03 5.3000000e+03 9.7373881e-01
5.3000000e+03 5.3100000e+03 9.5792482e-01
5.3100000e+03 5.3200000e+03 9.7706993e-01
5.3200000e+03 5.3300000e+03 9.6574173e-01
5.3300000e+03 5.3400000e+03 9.6169840e-01
5.3400000e+03 5.3500000e+03 9.6510607e-01
5.3500000e+03 5.3600000e+03 9.7750146e-01
5.3600000e+03 5.3700000e+03 9.6663639e-01
5.3700000e+03 5.3800000e+03 9.5340346e-01
5.3800000e+03 5.3900000e+03 9.5908302e-01
5.3900000e+03 5.4000000e+03 9.6200017e-01
5.4000000e+03 5.4100000e+03 9.6400857e-01
5.4100000e+03 5.4200000e+03 9.6341805e-01
5.4200000e+03 5.4300000e+03 9.6408362e-01
5.4300000e+03 5.4400000e+03 9.5416185e-01
5.4400000e+03 5.4500000e+03 9.4940432e-01
5.4500000e+03 5.4600000e+03 9.4354891e-01
5.4600000e+03 5.4700000e+03 9.6448182e-01
5.4700000e+03 5.4800000e+03 9.6160630e-01
5.4800000e+03 5.4900000e+03 9.7695581e-01
5.4900000e+03 5.5000000e+03 9.5495328e-01
5.5000000e+03 5.5100000e+03 9.5451207e-01
5.5100000e+03 5.5200000e+03 9.7932630e-01
5.5200000e+03 5.5300000e+03 9.6740316e-01
5.5300000e+03 5.5400000e+03 9.8117640e-01
5.5400000e+03 5.5500000e+03 9.8222178e-01
5.5500000e+03 5.5600000e+03 9.8205521e-01
5.5600000e+03 5.5700000e+03 9.7745544e-01
5.5700000e+03 5.5800000e+03 9.5857915e-01
5.5800000e+03 5.5900000e+03 9.6671040e-01
5.5900000e+03 5.6000000e+03 9.7729234e-01
5.6000000e+03 5.6100000e+03 9.6038193e-01
5.6100000e+03 5.6200000e+03 9.5742593e-01
5.6200000e+03 5.6300000e+03 9.6279931e-01
5.6300000e+03 5.6400000e+03 9.7935477e-01
5.6400000e+03 5.6500000e+03 9.7820144e-01
5.6500000e+03 5.6600000e+03 9.7569864e-01
5.6600000e+03 5.6700000e+03 9.7683412e-01
5.6700000e+03 5.6800000e+03 9.7651053e-01
5.6800000e+03 5.6900000e+03 9.7859325e-01
5.6900000e+03 5.7000000e+03 9.9041066e-01
5.7000000e+03 5.7100000e+03 9.7759268e-01
5.7100000e+03 5.7200000e+03 9.7999712e-01
5.7200000e+03 5.7300000e+03 9.9271196e-01
5.7300000e+03 5.7400000e+03 9.9383742e-01
5.7400000e+03 5.7500000e+03 9.8899732e-01
5.7500000e+03 5.7600000e+03 9.7932409e-01
5.7600000e+03 5.7700000e+03 9.6780016e-01
5.7700000e+03 5.7800000e+03 9.9032920e-01
5.7800000e+03 5.7900000e+03 9.8491071e-01
5.7900000e+03 5.8000000e+03 9.7685362e-01
5.8000000e+03 5.8100000e+03 9.9222202e-01
5.8100000e+03 5.8200000e+03 9.8521521e-01
5.8200000e+03 5.8300000e+03 9.9796153e-01
5.8300000e+03 5.8400000e+03 9.9441123e-01
5.8400000e+03 5.8500000e+03 9.9218841e-01
5.8500000e+03 5.8600000e+03 9.6672454e-01
5.8600000e+03 5.8700000e+03 9.6137015e-01
5.8700000e+03 5.8800000e+03 9.9890095e-01
5.8800000e+03 5.8900000e+03 9.5330580e-01
5.8900000e+03 5.9000000e+03 9.6584024e-01
5.9000000e+03 5.9100000e+03 9.8831069e-01
5.9100000e+03 5.9200000e+03 9.6290398e-01
5.9200000e+03 5.9300000e+03 9.8745703e-01
5.9300000e+03 5.9400000e+03 9.6320948e-01
5.9400000e+03 5.9500000e+03 9.8670337e-01
5.9500000e+03 5.9600000e+03 9.8543685e-01
5.9600000e+03 5.9700000e+03 9.9657803e-01
5.9700000e+03 5.9800000e+03 9.6040917e-01
5.9800000e+03 5.9900000e+03 9.7408356e-01
5.9900000e+03 6.0000000e+03 9.9122883e-01
6.0000000e+03 6.0100000e+03 9.7336648e-01
6.0100000e+03 6.0200000e+03 9.7640257e-01
6.0200000e+03 6.0300000e+03 9.7294166e-01
6.0300000e+03 6.0400000e+03 9.9907334e-01
6.0400000e+03 6.0500000e+03 9.9970628e-01
6.0500000e+03 6.0600000e+03 9.8203419e-01
6.0600000e+03 6.0700000e+03 9.4095455e-01
6.0700000e+03 6.0800000e+03 9.8045737e-01
6.0800000e+03 6.0900000e+03 9.9523279e-01
6.0900000e+03 6.1000000e+03 9.9603594e-01
6.1000000e+03 6.1100000e+03 9.6483065e-01
6.1100000e+03 6.1200000e+03 9.9191424e-01
6.1200000e+03 6.1300000e+03 9.5879328e-01
6.1300000e+03 6.1400000e+03 9.6285966e-01
6.1400000e+03 6.1500000e+03 9.6760173e-01
6.1500000e+03 6.1600000e+03 9.7965158e-01
6.1600000e+03 6.1700000e+03 9.7814487e-01
6.1700000e+03 6.1800000e+03 9.8029837e-01
6.1800000e+03 6.1900000e+03 9.8857582e-01
6.1900000e+03 6.2000000e+03 9.4951586e-01
6.2000000e+03 6.2100000e+03 9.7635623e-01
6.2100000e+03 6.2200000e+03 9.6860225e-01
6.2200000e+03 6.2300000e+03 9.9447848e-01
6.2300000e+03 6.2400000e+03 9.6542072e-01
6.2400000e+03 6.2500000e+03 9.8262252e-01
6.2500000e+03 6.2600000e+03 9.7472389e-01
6.2600000e+03 6.2700000e+03 9.5667941e-01
6.2700000e+03 6.2800000e+03 9.7500082e-01
6.2800000e+03 6.2900000e+03 9.8582475e-01
6.2900000e+03 6.3000000e+03 9.7868332e-01
6.3000000e+03 6.3100000e+03 9.7010620e-01
6.3100000e+03 6.3200000e+03 9.7645703e-01
6.3200000e+03 6.3300000e+03 9.7258690e-01
6.3300000e+03 6.3400000e+03 9.6241705e-01
6.3400000e+03 6.3500000e+03 9.9123817e-01
6.3500000e+03 6.3600000e+03 9.7678433e-01
6.3600000e+03 6.3700000e+03 9.9473716e-01
6.3700000e+03 6.3800000e+03 9.9616488e-01
6.3800000e+03 6.3900000e+03 9.8922816e-01
6.3900000e+03 6.4000000e+03 9.4667045e-01
6.4000000e+03 6.4100000e+03 9.5568310e-01
6.4100000e+03 6.4200000e+03 9.6716644e-01
6.4200000e+03 6.4300000e+03 9.4549501e-01
6.4300000e+03 6.4400000e+03 9.5533826e-01
6.4400000e+03 6.4500000e+03 9.5435080e-01
6.4500000e+03 6.4600000e+03 9.8403513e-01
6.4600000e+03 6.4700000e+03 9.5835652e-01
6.4700000e+03 6.4800000e+03 9.5766938e-01
6.4800000e+03 6.4900000e+03 9.8157283e-01
6.4900000e+03 6.5000000e+03 9.7911809e-01
6.5000000e+03 6.5100000e+03 9.7825454e-01
6.5100000e+03 6.5200000e+03 9.9080403e-01
6.5200000e+03 6.5300000e+03 9.9855034e-01
6.5300000e+03 6.5400000e+03 9.9706903e-01
6.5400000e+03 6.5500000e+03 9.5066916e-01
6.5500000e+03 6.5600000e+03 9.9947623e-01
6.5600000e+03 6.5700000e+03 9.8019137e-01
6.5700000e+03 6.5800000e+03 9.8737092e-01
6.5800000e+03 6.5900000e+03 9.9368528e-01
6.5900000e+03 6.6000000e+03 9.6083520e-01
6.6000000e+03 6.6100000e+03 9.7621809e-01
6.6100000e+03 6.6200000e+03 9.9976164e-01
6.6200000e+03 6.6300000e+03 9.9873645e-01
6.6300000e+03 6.6400000e+03 9.8974402e-01
6.6400000e+03 6.6500000e+03 9.7249541e-01
6.6500000e+03 6.6600000e+03 9.9912188e-01
6.6600000e+03 6.6700000e+03 9.8008965e-01
6.6700000e+03 6.6800000e+03 9.4188329e-01
6.6800000e+03 6.6900000e+03 9.9861707e-01
6.6900000e+03 6.7000000e+03 9.9494244e-01
6.7000000e+03 6.7100000e+03 9.9637269e-01
6.7100000e+03 6.7200000e+03 9.7541119e-01
6.7200000e+03 6.7300000e+03 9.9033427e-01
6.7300000e+03 6.7400000e+03 9.9648656e-01
6.7400000e+03 6.7500000e+03 9.9886243e-01
6.7500000e+03 6.7600000e+03 9.7681068e-01
6.7600000e+03 6.7700000e+03 9.7147939e-01
6.7700000e+03 6.7800000e+03 9.9135519e-01
6.7800000e+03 6.7900000e+03 9.9639161e-01
6.7900000e+03 6.8000000e+03 9.9473141e-01
6.8000000e+03 6.8100000e+03 9.7192878e-01
6.8100000e+03 6.8200000e+03 9.9470271e-01
6.8200000e+03 6.8300000e+03 9.9160834e-01
6.8300000e+03 6.8400000e+03 9.9772322e-01
6.8400000e+03 6.8500000e+03 9.8632848e-01
6.8500000e+03 6.8600000e+03 9.8274794e-01
6.8600000e+03 6.8700000e+03 9.6885707e-01
6.8700000e+03 6.8800000e+03 9.9917450e-01
6.8800000e+03 6.8900000e+03 9.9500870e-01
6.8900000e+03 6.9000000e+03 9.9863130e-01
6.9000000e+03 6.9100000e+03 9.9941965e-01
6.9100000e+03 6.9200000e+03 9.8432671e-01
6.9200000e+03 6.9300000e+03 9.9114438e-01
6.9300000e+03 6.9400000e+03 9.9708720e-01
6.9400000e+03 6.9500000e+03 9.6483615e-01
6.9500000e+03 6.9600000e+03 9.9735034e-01
6.9600000e+03 6.9700000e+03 9.9847786e-01
6.9700000e+03 6.9800000e+03 9.8879756e-01
6.9800000e+03 6.9900000e+03 9.9824110e-01
6.9900000e+03 7.0000000e+03 9.9371312e-01
7.0000000e+03 7.0100000e+03 9.9994463e-01
7.0100000e+03 7.0200000e+03 9.9006622e-01
7.0200000e+03 7.0300000e+03 9.9161294e-01
7.0300000e+03 7.0400000e+03 9.9052129e-01
7.0400000e+03 7.0500000e+03 9.9816039e-01
7.0500000e+03 7.0600000e+03 9.9886818e-01
7.0600000e+03 7.0700000e+03 9.9137446e-01
7.0700000e+03 7.0800000e+03 9.9772426e-01
7.0800000e+03 7.0900000e+03 9.9649470e-01
7.0900000e+03 7.1000000e+03 9.8906144e-01
7.1000000e+03 7.1100000e+03 9.9891203e-01
7.1100000e+03 7.1200000e+03 9.9719488e-01
7.1200000e+03 7.1300000e+03 9.6252515e-01
7.1300000e+03 7.1400000e+03 9.7759686e-01
7.1400000e+03 7.1500000e+03 9.5661562e-01
7.1500000e+03 7.1600000e+03 9.8869396e-01
7.1600000e+03 7.1700000e+03 9.7223569e-01
7.1700000e+03 7.1800000e+03 9.9298048e-01
7.1800000e+03 7.1900000e+03 9.7254372e-01
7.1900000e+03 7.2000000e+03 9.9406421e-01
7.2000000e+03 7.2100000e+03 9.7219527e-01
7.2100000e+03 7.2200000e+03 9.9600682e-01
7.2200000e+03 7.2300000e+03 9.7945324e-01
7.2300000e+03 7.2400000e+03 9.9487984e-01
7.2400000e+03 7.2500000e+03 9.9200336e-01
7.2500000e+03 7.2600000e+03 9.9265079e-01
7.2600000e+03 7.2700000e+03 9.8851300e-01
7.2700000e+03 7.2800000e+03 9.9166596e-01
7.2800000e+03 7.2900000e+03 9.8094271e-01
7.2900000e+03 7.3000000e+03 9.8862706e-01
7.3000000e+03 7.3100000e+03 9.8279257e-01
7.3100000e+03 7.3200000e+03 9.8911875e-01
7.3200000e+03 7.3300000e+03 9.6259505e-01
7.3300000e+03 7.3400000e+03 9.9669630e-01
7.3400000e+03 7.3500000e+03 9.9922823e-01
7.3500000e+03 7.3600000e+03 9.8355255e-01
7.3600000e+03 7.3700000e+03 9.9641662e-01
7.3700000e+03 7.3800000e+03 9.9751943e-01
7.3800000e+03 7.3900000e+03 9.8412350e-01
7.3900000e+03 7.4000000e+03 9.8662008e-01
7.4000000e+03 7.4100000e+03 9.8423069e-01
7.4100000e+03 7.4200000e+03 9.8039423e-01
7.4200000e+03 7.4300000e+03 9.7413649e-01
7.4300000e+03 7.4400000e+03 9.9849818e-01
7.4400000e+03 7.4500000e+03 9.7106065e-01
7.4500000e+03 7.4600000e+03 9.9872708e-01
7.4600000e+03 7.4700000e+03 9.7151097e-01
7.4700000e+03 7.4800000e+03 9.9814505e-01
7.4800000e+03 7.4900000e+03 9.9890080e-01
7.4900000e+03 7.5000000e+03 9.6194861e-01
7.5000000e+03 7.5100000e+03 9.9893011e-01
7.5100000e+03 7.5200000e+03 9.5122425e-01
7.5200000e+03 7.5300000e+03 9.7332431e-01
7.5300000e+03 7.5400000e+03 9.9427752e-01
7.5400000e+03 7.5500000e+03 9.9965434e-01
7.5500000e+03 7.5600000e+03 9.6857089e-01
7.5600000e+03 7.5700000e+03 9.8464042e-01
7.5700000e+03 7.5800000e+03 9.8243419e-01
7.5800000e+03 7.5900000e+03 9.6982462e-01
7.5900000e+03 7.6000000e+03 9.9958354e-01
7.6000000e+03 7.6100000e+03 9.9870796e-01
7.6100000e+03 7.6200000e+03 9.6632296e-01
7.6200000e+03 7.6300000e+03 9.8884843e-01
7.6300000e+03 7.6400000e+03 9.9972789e-01
7.6400000e+03 7.6500000e+03 9.9951693e-01
7.6500000e+03 7.6600000e+03 9.8407981e-01
7.6600000e+03 7.6700000e+03 9.7026654e-01
7.6700000e+03 7.6800000e+03 9.9961089e-01
7.6800000e+03 7.6900000e+03 9.9108869e-01
7.6900000e+03 7.7000000e+03 9.8494944e-01
7.7000000e+03 7.7100000e+03 9.9984520e-01
7.7100000e+03 7.7200000e+03 9.7831910e-01
7.7200000e+03 7.7300000e+03 9.7982943e-01
7.7300000e+03 7.7400000e+03 9.9951832e-01
7.7400000e+03 7.7500000e+03 9.7741807e-01
7.7500000e+03 7.7600000e+03 9.9636937e-01
7.7600000e+03 7.7700000e+03 9.9980217e-01
7.7700000e+03 7.7800000e+03 9.9462779e-01
7.7800000e+03 7.7900000e+03 9.8300175e-01
7.7900000e+03 7.8000000e+03 9.7716652e-01
7.8000000e+03 7.8100000e+03 9.9457578e-01
7.8100000e+03 7.8200000e+03 9.9661359e-01
7.8200000e+03 7.8300000e+03 9.8835401e-01
7.8300000e+03 7.8400000e+03 9.6499383e-01
7.8400000e+03 7.8500000e+03 9.9820033e-01
7.8500000e+03 7.8600000e+03 9.6297296e-01
7.8600000e+03 7.8700000e+03 9.9879528e-01
7.8700000e+03 7.8800000e+03 9.9926059e-01
7.8800000e+03 7.8900000e+03 9.9914923e-01
7.8900000e+03 7.9000000e+03 9.9918336e-01
7.9000000e+03 7.9100000e+03 9.9835594e-01
7.9100000e+03 7.9200000e+03 9.9098833e-01
7.9200000e+03 7.9300000e+03 9.9966802e-01
7.9300000e+03 7.9400000e+03 9.7046266e-01
7.9400000e+03 7.9500000e+03 9.6792361e-01
7.9500000e+03 7.9600000e+03 9.9767866e-01
7.9600000e+03 7.9700000e+03 9.9964689e-01
7.9700000e+03 7.9800000e+03 9.9835182e-01
7.9800000e+03 7.9900000e+03 9.9965742e-01
7.9900000e+03 8.0000000e+03 9.5594777e-01
8.0000000e+03 8.0100000e+03 9.9887392e-01
8.0100000e+03 8.0200000e+03 9.9938317e-01
8.0200000e+03 8.0300000e+03 9.8639797e-01
8.0300000e+03 8.0400000e+03 9.9718913e-01
8.0400000e+03 8.0500000e+03 9.6828158e-01
8.0500000e+03 8.0600000e+03 9.9781225e-01
8.0600000e+03 8.0700000e+03 9.9972621e-01
8.0700000e+03 8.0800000e+03 9.9814704e-01
8.0800000e+03 8.0900000e+03 9.6665768e-01
8.0900000e+03 8.1000000e+03 9.8874700e-01
8.1000000e+03 8.1100000e+03 9.9956951e-01
8.1100000e+03 8.1200000e+03 9.9939780e-01
8.1200000e+03 8.1300000e+03 9.9965533e-01
8.1300000e+03 8.1400000e+03 9.9991699e-01
8.1400000e+03 8.1500000e+03 9.9961557e-01
8.1500000e+03 8.1600000e+03 9.9946573e-01
8.1600000e+03 8.1700000e+03 9.9531846e-01
8.1700000e+03 8.1800000e+03 9.9772739e-01
8.1800000e+03 8.1900000e+03 9.9448967e-01
8.1900000e+03 8.2000000e+03 9.7779448e-01
8.2000000e+03 8.2100000e+03 9.8887959e-01
8.2100000e+03 8.2200000e+03 9.7858620e-01
8.2200000e+03 8.2300000e+03 9.5390771e-01
8.2300000e+03 8.2400000e+03 9.8199753e-01
8.2400000e+03 8.2500000e+03 9.8648901e-01
8.2500000e+03 8.2600000e+03 9.9807903e-01
8.2600000e+03 8.2700000e+03 9.9860578e-01
8.2700000e+03 8.2800000e+03 9.9916793e-01
8.2800000e+03 8.2900000e+03 9.9985140e-01
8.2900000e+03 8.3000000e+03 9.9062294e-01
8.3000000e+03 8.3100000e+03 9.8944351e-01
8.3100000e+03 8.3200000e+03 9.9268168e-01
8.3200000e+03 8.3300000e+03 9.4809052e-01
8.3300000e+03 8.3400000e+03 9.8667981e-01
8.3400000e+03 8.3500000e+03 9.8818925e-01
8.3500000e+03 8.3600000e+03 9.9874226e-01
8.3600000e+03 8.3700000e+03 9.8602210e-01
8.3700000e+03 8.3800000e+03 9.9809316e-01
8.3800000e+03 8.3900000e+03 9.5569980e-01
8.3900000e+03 8.4000000e+03 9.9819500e-01
8.4000000e+03 8.4100000e+03 9.9726003e-01
8.4100000e+03 8.4200000e+03 9.8884419e-01
8.4200000e+03 8.4300000e+03 9.9218476e-01
8.4300000e+03 8.4400000e+03 9.8334013e-01
8.4400000e+03 8.4500000e+03 9.9615181e-01
8.4500000e+03 8.4600000e+03 9.9849031e-01
8.4600000e+03 8.4700000e+03 9.5464633e-01
8.4700000e+03 8.4800000e+03 9.9445415e-01
8.4800000e+03 8.4900000e+03 9.9556740e-01
8.4900000e+03 8.5000000e+03 9.6379853e-01
8.5000000e+03 8.5100000e+03 9.9557932e-01
8.5100000e+03 8.5200000e+03 9.6355662e-01
8.5200000e+03 8.5300000e+03 9.8385913e-01
8.5300000e+03 8.5400000e+03 9.9748192e-01
8.5400000e+03 8.5500000e+03 8.8096064e-01
8.5500000e+03 8.5600000e+03 9.8603723e-01
8.5600000e+03 8.5700000e+03 9.9987010e-01
8.5700000e+03 8.5800000e+03 9.9933994e-01
8.5800000e+03 8.5900000e+03 9.7809712e-01
8.5900000e+03 8.6000000e+03 9.9561047e-01
8.6000000e+03 8.6100000e+03 9.9885946e-01
8.6100000e+03 8.6200000e+03 9.6867613e-01
8.6200000e+03 8.6300000e+03 9.7002803e-01
8.6300000e+03 8.6400000e+03 9.9818716e-01
8.6400000e+03 8.6500000e+03 9.8820021e-01
8.6500000e+03 8.6600000e+03 9.9923355e-01
8.6600000e+03 8.6700000e+03 9.1269822e-01
8.6700000e+03 8.6800000e+03 9.6084532e-01
8.6800000e+03 8.6900000e+03 9.6246523e-01
8.6900000e+03 8.7000000e+03 9.8583855e-01
8.7000000e+03 8.7100000e+03 9.9939312e-01
8.7100000e+03 8.7200000e+03 9.9281583e-01
8.7200000e+03 8.7300000e+03 9.9381855e-01
8.7300000e+03 8.7400000e+03 9.7822792e-01
8.7400000e+03 8.7500000e+03 9.9180280e-01
8.7500000e+03 8.7600000e+03 9.6587179e-01
8.7600000e+03 8.7700000e+03 9.9927052e-01
8.7700000e+03 8.7800000e+03 9.8576658e-01
8.7800000e+03 8.7900000e+03 9.9906193e-01
8.7900000e+03 8.8000000e+03 9.7714205e-01
8.8000000e+03 8.8100000e+03 9.7103930e-01
8.8100000e+03 8.8200000e+03 9.9681246e-01
8.8200000e+03 8.8300000e+03 9.5049713e-01
8.8300000e+03 8.8400000e+03 9.6215734e-01
8.8400000e+03 8.8500000e+03 9.9412500e-01
8.8500000e+03 8.8600000e+03 9.9994512e-01
8.8600000e+03 8.8700000e+03 9.7433970e-01
8.8700000e+03 8.8800000e+03 9.9743522e-01
8.8800000e+03 8.8900000e+03 9.9956914e-01
8.8900000e+03 8.9000000e+03 9.9492558e-01
8.9000000e+03 8.9100000e+03 9.9944808e-01
8.9100000e+03 8.9200000e+03 9.8816321e-01
8.9200000e+03 8.9300000e+03 9.9085584e-01
8.9300000e+03 8.9400000e+03 9.9920477e-01
8.9400000e+03 8.9500000e+03 9.8482198e-01
8.9500000e+03 8.9600000e+03 9.9907364e-01
8.9600000e+03 8.9700000e+03 9.9629112e-01
8.9700000e+03 8.9800000e+03 9.9058747e-01
8.9800000e+03 8.9900000e+03 9.9754885e-01
8.9900000e+03 9.0000000e+03 9.5593538e-01
