1.0000000e+03 1.0100000e+03 9.3686210e-01
1.0100000e+03 1.0200000e+03 9.7951876e-01
1.0200000e+03 1.0300000e+03 9.9684926e-01
1.0300000e+03 1.0400000e+03 8.9761841e-01
1.0400000e+03 1.0500000e+03 9.1489837e-01
1.0500000e+03 1.0600000e+03 9.6855918e-01
1.0600000e+03 1.0700000e+03 9.3615615e-01
1.0700000e+03 1.0800000e+03 9.3809690e-01
1.0800000e+03 1.0900000e+03 9.1094667e-01
1.0900000e+03 1.1000000e+03 9.4996074e-01
1.1000000e+03 1.1100000e+03 1.0129793e+00
1.1100000e+03 1.1200000e+03 9.3480196e-01
1.1200000e+03 1.1300000e+03 8.7051898e-01
1.1300000e+03 1.1400000e+03 9.4185098e-01
1.1400000e+03 1.1500000e+03 9.1834753e-01
1.1500000e+03 1.1600000e+03 9.6843553e-01
1.1600000e+03 1.1700000e+03 9.5631872e-01
1.1700000e+03 1.1800000e+03 9.5327711e-01
1.1800000e+03 1.1900000e+03 9.5042293e-01
1.1900000e+03 1.2000000e+03 9.1094926e-01
1.2000000e+03 1.2100000e+03 9.1090204e-01
1.2100000e+03 1.2200000e+03 9.9942434e-01
1.2200000e+03 1.2300000e+03 9.6039717e-01
1.2300000e+03 1.2400000e+03 9.5723312e-01
1.2400000e+03 1.2500000e+03 9.4096426e-01
1.2500000e+03 1.2600000e+03 9.0358677e-01
1.2600000e+03 1.2700000e+03 8.3641438e-01
1.2700000e+03 1.2800000e+03 8.3757906e-01
1.2800000e+03 1.2900000e+03 8.8966409e-01
1.2900000e+03 1.3000000e+03 8.7976097e-01
1.3000000e+03 1.3100000e+03 9.0386711e-01
1.3100000e+03 1.3200000e+03 9.0798559e-01
1.3200000e+03 1.3300000e+03 9.0633713e-01
1.3300000e+03 1.3400000e+03 8.8514618e-01
1.3400000e+03 1.3500000e+03 9.9162473e-01
1.3500000e+03 1.3600000e+03 9.3391858e-01
1.3600000e+03 1.3700000e+03 9.3442810e-01
1.3700000e+03 1.3800000e+03 9.0377303e-01
1.3800000e+03 1.3900000e+03 8.6573471e-01
1.3900000e+03 1.4000000e+03 8.7496214e-01
1.4000000e+03 1.4100000e+03 9.0446790e-01
1.4100000e+03 1.4200000e+03 8.9052546e-01
1.4200000e+03 1.4300000e+03 9.3578449e-01
1.4300000e+03 1.4400000e+03 9.1013605e-01
1.4400000e+03 1.4500000e+03 9.5896613e-01
1.4500000e+03 1.4600000e+03 9.5122278e-01
1.4600000e+03 1.4700000e+03 9.3502384e-01
1.4700000e+03 1.4800000e+03 9.2288443e-01
1.4800000e+03 1.4900000e+03 9.4534220e-01
1.4900000e+03 1.5000000e+03 9.5586241e-01
1.5000000e+03 1.5100000e+03 9.5032127e-01
1.5100000e+03 1.5200000e+03 9.3357384e-01
1.5200000e+03 1.5300000e+03 1.0588128e+00
1.5300000e+03 1.5400000e+03 7.0084163e-01
1.5400000e+03 1.5500000e+03 6.7154576e-01
1.5500000e+03 1.5600000e+03 7.5590506e-01
1.5600000e+03 1.5700000e+03 6.4705662e-01
1.5700000e+03 1.5800000e+03 8.5363452e-01
1.5800000e+03 1.5900000e+03 8.4227573e-01
1.5900000e+03 1.6000000e+03 8.8054585e-01
1.6000000e+03 1.6100000e+03 8.9120679e-01
1.6100000e+03 1.6200000e+03 8.4248324e-01
1.6200000e+03 1.6300000e+03 6.6794904e-01
1.6300000e+03 1.6400000e+03 7.8629075e-01
1.6400000e+03 1.6500000e+03 8.7488720e-01
1.6500000e+03 1.6600000e+03 7.7192385e-01
1.6600000e+03 1.6700000e+03 9.0608719e-01
1.6700000e+03 1.6800000e+03 6.9161462e-01
1.6800000e+03 1.6900000e+03 9.0664951e-01
1.6900000e+03 1.7000000e+03 8.1804911e-01
1.7000000e+03 1.7100000e+03 6.6840669e-01
1.7100000e+03 1.7200000e+03 8.0627262e-01
1.7200000e+03 1.7300000e+03 8.1921747e-01
1.7300000e+03 1.7400000e+03 8.5362740e-01
1.7400000e+03 1.7500000e+03 7.9864945e-01
1.7500000e+03 1.7600000e+03 8.4969281e-01
1.7600000e+03 1.7700000e+03 6.6966621e-01
1.7700000e+03 1.7800000e+03 7.7214482e-01
1.7800000e+03 1.7900000e+03 8.7572284e-01
1.7900000e+03 1.8000000e+03 8.7322319e-01
1.8000000e+03 1.8100000e+03 7.7241362e-01
1.8100000e+03 1.8200000e+03 8.3561019e-01
1.8200000e+03 1.8300000e+03 8.1776613e-01
1.8300000e+03 1.8400000e+03 8.0802743e-01
1.8400000e+03 1.8500000e+03 7.4585104e-01
1.8500000e+03 1.8600000e+03 6.8168794e-01
1.8600000e+03 1.8700000e+03 8.7363223e-01
1.8700000e+03 1.8800000e+03 8.7101366e-01
1.8800000e+03 1.8900000e+03 8.5348193e-01
1.8900000e+03 1.9000000e+03 8.5857858e-01
1.9000000e+03 1.9100000e+03 8.6612328e-01
1.9100000e+03 1.9200000e+03 8.8383551e-01
1.9200000e+03 1.9300000e+03 8.3466213e-01
1.9300000e+03 1.9400000e+03 9.0711576e-01
1.9400000e+03 1.9500000e+03 8.6534505e-01
1.9500000e+03 1.9600000e+03 8.9967247e-01
1.9600000e+03 1.9700000e+03 9.0628073e-01
1.9700000e+03 1.9800000e+03 9.3019849e-01
1.9800000e+03 1.9900000e+03 9.1272563e-01
1.9900000e+03 2.0000000e+03 8.7131214e-01
2.0000000e+03 2.0100000e+03 8.6756074e-01
2.0100000e+03 2.0200000e+03 8.8249890e-01
2.0200000e+03 2.0300000e+03 8.1875599e-01
2.0300000e+03 2.0400000e+03 8.9154242e-01
2.0400000e+03 2.0500000e+03 8.8699291e-01
2.0500000e+03 2.0600000e+03 9.1531884e-01
2.0600000e+03 2.0700000e+03 8.8687667e-01
2.0700000e+03 2.0800000e+03 9.3476040e-01
2.0800000e+03 2.0900000e+03 8.3835354e-01
2.0900000e+03 2.1000000e+03 6.7481191e-01
2.1000000e+03 2.1100000e+03 6.8543614e-01
2.1100000e+03 2.1200000e+03 8.2541440e-01
2.1200000e+03 2.1300000e+03 5.5723835e-01
2.1300000e+03 2.1400000e+03 6.6567065e-01
2.1400000e+03 2.1500000e+03 8.7400471e-01
2.1500000e+03 2.1600000e+03 8.2079011e-01
2.1600000e+03 2.1700000e+03 7.5810473e-01
2.1700000e+03 2.1800000e+03 7.2621925e-01
2.1800000e+03 2.1900000e+03 8.9578104e-01
2.1900000e+03 2.2000000e+03 8.2743072e-01
2.2000000e+03 2.2100000e+03 7.8660141e-01
2.2100000e+03 2.2200000e+03 6.0868742e-01
2.2200000e+03 2.2300000e+03 8.4210942e-01
2.2300000e+03 2.2400000e+03 9.1406073e-01
2.2400000e+03 2.2500000e+03 8.6743462e-01
2.2500000e+03 2.2600000e+03 6.9357006e-01
2.2600000e+03 2.2700000e+03 7.5767145e-01
2.2700000e+03 2.2800000e+03 6.3553879e-01
2.2800000e+03 2.2900000e+03 8.0046433e-01
2.2900000e+03 2.3000000e+03 7.3221250e-01
2.3000000e+03 2.3100000e+03 8.4997523e-01
2.3100000e+03 2.3200000e+03 7.1039900e-01
2.3200000e+03 2.3300000e+03 7.7799165e-01
2.3300000e+03 2.3400000e+03 7.5913653e-01
2.3400000e+03 2.3500000e+03 6.8580698e-01
2.3500000e+03 2.3600000e+03 7.6484507e-01
2.3600000e+03 2.3700000e+03 7.1906385e-01
2.3700000e+03 2.3800000e+03 7.0881969e-01
2.3800000e+03 2.3900000e+03 7.2173598e-01
2.3900000e+03 2.4000000e+03 6.6264948e-01
2.4000000e+03 2.4100000e+03 7.7438197e-01
2.4100000e+03 2.4200000e+03 6.5664484e-01
2.4200000e+03 2.4300000e+03 7.3901634e-01
2.4300000e+03 2.4400000e+03 7.3291258e-01
2.4400000e+03 2.4500000e+03 8.4431844e-01
2.4500000e+03 2.4600000e+03 8.4745703e-01
2.4600000e+03 2.4700000e+03 7.9049367e-01
2.4700000e+03 2.4800000e+03 6.6817135e-01
2.4800000e+03 2.4900000e+03 7.7066660e-01
2.4900000e+03 2.5000000e+03 6.1333816e-01
2.5000000e+03 2.5100000e+03 8.2157822e-01
2.5100000e+03 2.5200000e+03 9.2014747e-01
2.5200000e+03 2.5300000e+03 9.6115680e-01
2.5300000e+03 2.5400000e+03 8.5839087e-01
2.5400000e+03 2.5500000e+03 7.5950765e-01
2.5500000e+03 2.5600000e+03 5.9291827e-01
2.5600000e+03 2.5700000e+03 5.7035101e-01
2.5700000e+03 2.5800000e+03 6.2741388e-01
2.5800000e+03 2.5900000e+03 6.1401444e-01
2.5900000e+03 2.6000000e+03 6.8021992e-01
2.6000000e+03 2.6100000e+03 7.3285785e-01
2.6100000e+03 2.6200000e+03 6.6016777e-01
2.6200000e+03 2.6300000e+03 7.5847682e-01
2.6300000e+03 2.6400000e+03 7.8312576e-01
2.6400000e+03 2.6500000e+03 8.5632702e-01
2.6500000e+03 2.6600000e+03 9.0693369e-01
2.6600000e+03 2.6700000e+03 8.1969923e-01
2.6700000e+03 2.6800000e+03 8.5594863e-01
2.6800000e+03 2.6900000e+03 8.9373964e-01
2.6900000e+03 2.7000000e+03 7.8883569e-01
2.7000000e+03 2.7100000e+03 7.8620585e-01
2.7100000e+03 2.7200000e+03 6.5806223e-01
2.7200000e+03 2.7300000e+03 7.6416925e-01
2.7300000e+03 2.7400000e+03 7.1437958e-01
2.7400000e+03 2.7500000e+03 7.2890432e-01
2.7500000e+03 2.7600000e+03 7.5928310e-01
2.7600000e+03 2.7700000e+03 8.2172990e-01
2.7700000e+03 2.7800000e+03 8.4465781e-01
2.7800000e+03 2.7900000e+03 9.1280414e-01
2.7900000e+03 2.8000000e+03 9.3234765e-01
2.8000000e+03 2.8100000e+03 8.5149267e-01
2.8100000e+03 2.8200000e+03 9.0191706e-01
2.8200000e+03 2.8300000e+03 9.2507932e-01
2.8300000e+03 2.8400000e+03 9.0778587e-01
2.8400000e+03 2.8500000e+03 8.5092840e-01
2.8500000e+03 2.8600000e+03 8.7875835e-01
2.8600000e+03 2.8700000e+03 8.8863427e-01
2.8700000e+03 2.8800000e+03 9.1434568e-01
2.8800000e+03 2.8900000e+03 8.5206389e-01
2.8900000e+03 2.9000000e+03 8.9814373e-01
2.9000000e+03 2.9100000e+03 9.1028167e-01
2.9100000e+03 2.9200000e+03 9.0779811e-01
2.9200000e+03 2.9300000e+03 8.9471160e-01
2.9300000e+03 2.9400000e+03 9.0880725e-01
2.9400000e+03 2.9500000e+03 8.6098624e-01
2.9500000e+03 2.9600000e+03 9.0394577e-01
2.9600000e+03 2.9700000e+03 8.7507022e-01
2.9700000e+03 2.9800000e+03 9.0667120e-01
2.9800000e+03 2.9900000e+03 8.6349265e-01
2.9900000e+03 3.0000000e+03 9.1060296e-01
3.0000000e+03 3.0100000e+03 8.6992875e-01
3.0100000e+03 3.0200000e+03 8.9759936e-01
3.0200000e+03 3.0300000e+03 8.7879490e-01
3.0300000e+03 3.0400000e+03 9.1512019e-01
3.0400000e+03 3.0500000e+03 9.1618364e-01
3.0500000e+03 3.0600000e+03 9.0230657e-01
3.0600000e+03 3.0700000e+03 9.1333399e-01
3.0700000e+03 3.0800000e+03 9.2490082e-01
3.0800000e+03 3.0900000e+03 9.1372141e-01
3.0900000e+03 3.1000000e+03 8.5619577e-01
3.1000000e+03 3.1100000e+03 9.1524209e-01
3.1100000e+03 3.1200000e+03 9.2139507e-01
3.1200000e+03 3.1300000e+03 9.1043818e-01
3.1300000e+03 3.1400000e+03 9.1504253e-01
3.1400000e+03 3.1500000e+03 8.7136283e-01
3.1500000e+03 3.1600000e+03 8.9144376e-01
3.1600000e+03 3.1700000e+03 8.9331915e-01
3.1700000e+03 3.1800000e+03 9.4104367e-01
3.1800000e+03 3.1900000e+03 8.8682874e-01
3.1900000e+03 3.2000000e+03 8.9475398e-01
3.2000000e+03 3.2100000e+03 9.2659323e-01
3.2100000e+03 3.2200000e+03 8.8906734e-01
3.2200000e+03 3.2300000e+03 8.6950319e-01
3.2300000e+03 3.2400000e+03 8.9073065e-01
3.2400000e+03 3.2500000e+03 9.1546139e-01
3.2500000e+03 3.2600000e+03 9.2127771e-01
3.2600000e+03 3.2700000e+03 9.4123506e-01
3.2700000e+03 3.2800000e+03 9.1613540e-01
3.2800000e+03 3.2900000e+03 9.1829900e-01
3.2900000e+03 3.3000000e+03 9.4864508e-01
3.3000000e+03 3.3100000e+03 9.2508379e-01
3.3100000e+03 3.3200000e+03 9.3369354e-01
3.3200000e+03 3.3300000e+03 9.2263367e-01
3.3300000e+03 3.3400000e+03 9.3538462e-01
3.3400000e+03 3.3500000e+03 9.2609440e-01
3.3500000e+03 3.3600000e+03 9.2948435e-01
3.3600000e+03 3.3700000e+03 8.9868084e-01
3.3700000e+03 3.3800000e+03 9.1731688e-01
3.3800000e+03 3.3900000e+03 9.1406828e-01
3.3900000e+03 3.4000000e+03 9.1840348e-01
3.4000000e+03 3.4100000e+03 9.0624499e-01
3.4100000e+03 3.4200000e+03 9.0485802e-01
3.4200000e+03 3.4300000e+03 9.0538222e-01
3.4300000e+03 3.4400000e+03 9.2321666e-01
3.4400000e+03 3.4500000e+03 9.1462712e-01
3.4500000e+03 3.4600000e+03 9.1143776e-01
3.4600000e+03 3.4700000e+03 9.3094893e-01
3.4700000e+03 3.4800000e+03 9.2759671e-01
3.4800000e+03 3.4900000e+03 9.2130037e-01
3.4900000e+03 3.5000000e+03 9.1842594e-01
3.5000000e+03 3.5100000e+03 9.1826576e-01
3.5100000e+03 3.5200000e+03 9.0602389e-01
3.5200000e+03 3.5300000e+03 9.1128690e-01
3.5300000e+03 3.5400000e+03 9.0495262e-01
3.5400000e+03 3.5500000e+03 9.0082591e-01
3.5500000e+03 3.5600000e+03 9.1744921e-01
3.5600000e+03 3.5700000e+03 9.1779991e-01
3.5700000e+03 3.5800000e+03 9.1425382e-01
3.5800000e+03 3.5900000e+03 8.6288052e-01
3.5900000e+03 3.6000000e+03 9.2522754e-01
3.6000000e+03 3.6100000e+03 9.2544204e-01
3.6100000e+03 3.6200000e+03 9.0803158e-01
3.6200000e+03 3.6300000e+03 9.2221186e-01
3.6300000e+03 3.6400000e+03 9.1361803e-01
3.6400000e+03 3.6500000e+03 8.9540132e-01
3.6500000e+03 3.6600000e+03 9.0319598e-01
3.6600000e+03 3.6700000e+03 9.2017951e-01
3.6700000e+03 3.6800000e+03 9.1252541e-01
3.6800000e+03 3.6900000e+03 8.9931358e-01
3.6900000e+03 3.7000000e+03 9.4027367e-01
3.7000000e+03 3.7100000e+03 8.9511449e-01
3.7100000e+03 3.7200000e+03 8.9638718e-01
3.7200000e+03 3.7300000e+03 8.4009910e-01
3.7300000e+03 3.7400000e+03 8.3245683e-01
3.7400000e+03 3.7500000e+03 8.9505526e-01
3.7500000e+03 3.7600000e+03 8.5433073e-01
3.7600000e+03 3.7700000e+03 9.7125171e-01
3.7700000e+03 3.7800000e+03 8.2980512e-01
3.7800000e+03 3.7900000e+03 9.2340493e-01
3.7900000e+03 3.8000000e+03 1.0215562e+00
3.8000000e+03 3.8100000e+03 9.2634724e-01
3.8100000e+03 3.8200000e+03 9.3105182e-01
3.8200000e+03 3.8300000e+03 9.1096138e-01
3.8300000e+03 3.8400000e+03 1.0041728e+00
3.8400000e+03 3.8500000e+03 9.1893440e-01
3.8500000e+03 3.8600000e+03 9.2525411e-01
3.8600000e+03 3.8700000e+03 9.3963973e-01
3.8700000e+03 3.8800000e+03 8.9479003e-01
3.8800000e+03 3.8900000e+03 1.0184564e+00
3.8900000e+03 3.9000000e+03 8.8915535e-01
3.9000000e+03 3.9100000e+03 9.2792000e-01
3.9100000e+03 3.9200000e+03 9.2026054e-01
3.9200000e+03 3.9300000e+03 9.4680462e-01
3.9300000e+03 3.9400000e+03 8.7850804e-01
3.9400000e+03 3.9500000e+03 9.1323967e-01
3.9500000e+03 3.9600000e+03 9.3173968e-01
3.9600000e+03 3.9700000e+03 8.7219391e-01
3.9700000e+03 3.9800000e+03 8.4371678e-01
3.9800000e+03 3.9900000e+03 9.2565762e-01
3.9900000e+03 4.0000000e+03 9.3617487e-01
4.0000000e+03 4.0100000e+03 9.4940662e-01
4.0100000e+03 4.0200000e+03 9.6123269e-01
4.0200000e+03 4.0300000e+03 9.5343122e-01
4.0300000e+03 4.0400000e+03 9.4501356e-01
4.0400000e+03 4.0500000e+03 9.2696700e-01
4.0500000e+03 4.0600000e+03 9.4467262e-01
4.0600000e+03 4.0700000e+03 9.5318494e-01
4.0700000e+03 4.0800000e+03 9.1515247e-01
4.0800000e+03 4.0900000e+03 9.6430824e-01
4.0900000e+03 4.1000000e+03 9.9090528e-01
4.1000000e+03 4.1100000e+03 8.9554726e-01
4.1100000e+03 4.1200000e+03 9.6808203e-01
4.1200000e+03 4.1300000e+03 9.5499475e-01
4.1300000e+03 4.1400000e+03 9.6043630e-01
4.1400000e+03 4.1500000e+03 9.6321022e-01
4.1500000e+03 4.1600000e+03 9.7121199e-01
4.1600000e+03 4.1700000e+03 9.7640498e-01
4.1700000e+03 4.1800000e+03 9.6270151e-01
4.1800000e+03 4.1900000e+03 9.7116968e-01
4.1900000e+03 4.2000000e+03 9.6733621e-01
4.2000000e+03 4.2100000e+03 9.5434974e-01
4.2100000e+03 4.2200000e+03 9.6879301e-01
4.2200000e+03 4.2300000e+03 9.1242145e-01
4.2300000e+03 4.2400000e+03 9.6284833e-01
4.2400000e+03 4.2500000e+03 9.6169795e-01
4.2500000e+03 4.2600000e+03 9.6796338e-01
4.2600000e+03 4.2700000e+03 9.6692322e-01
4.2700000e+03 4.2800000e+03 9.6449689e-01
4.2800000e+03 4.2900000e+03 9.5590459e-01
4.2900000e+03 4.3000000e+03 9.5620531e-01
4.3000000e+03 4.3100000e+03 9.2811640e-01
4.3100000e+03 4.3200000e+03 9.6407782e-01
4.3200000e+03 4.3300000e+03 9.7124002e-01
4.3300000e+03 4.3400000e+03 1.0113227e+00
4.3400000e+03 4.3500000e+03 9.2739437e-01
4.3500000e+03 4.3600000e+03 9.7381462e-01
4.3600000e+03 4.3700000e+03 9.6295689e-01
4.3700000e+03 4.3800000e+03 9.7155555e-01
4.3800000e+03 4.3900000e+03 9.6298035e-01
4.3900000e+03 4.4000000e+03 9.7314792e-01
4.4000000e+03 4.4100000e+03 9.5305663e-01
4.4100000e+03 4.4200000e+03 9.6903344e-01
4.4200000e+03 4.4300000e+03 9.7268547e-01
4.4300000e+03 4.4400000e+03 9.6228037e-01
4.4400000e+03 4.4500000e+03 9.7180861e-01
4.4500000e+03 4.4600000e+03 9.3576246e-01
4.4600000e+03 4.4700000e+03 9.7074356e-01
4.4700000e+03 4.4800000e+03 9.7063041e-01
4.4800000e+03 4.4900000e+03 9.7366586e-01
4.4900000e+03 4.5000000e+03 9.6983911e-01
4.5000000e+03 4.5100000e+03 9.6453051e-01
4.5100000e+03 4.5200000e+03 9.7966029e-01
4.5200000e+03 4.5300000e+03 9.6748363e-01
4.5300000e+03 4.5400000e+03 9.7208715e-01
4.5400000e+03 4.5500000e+03 9.7498898e-01
4.5500000e+03 4.5600000e+03 9.7110482e-01
4.5600000e+03 4.5700000e+03 9.7187386e-01
4.5700000e+03 4.5800000e+03 9.7200020e-01
4.5800000e+03 4.5900000e+03 9.7285786e-01
4.5900000e+03 4.6000000e+03 9.7590566e-01
4.6000000e+03 4.6100000e+03 9.7449562e-01
4.6100000e+03 4.6200000e+03 9.7634299e-01
4.6200000e+03 4.6300000e+03 9.7487585e-01
4.6300000e+03 4.6400000e+03 9.7992160e-01
4.6400000e+03 4.6500000e+03 9.6977049e-01
4.6500000e+03 4.6600000e+03 9.7315971e-01
4.6600000e+03 4.6700000e+03 9.7995623e-01
4.6700000e+03 4.6800000e+03 9.6827719e-01
4.6800000e+03 4.6900000e+03 9.8366706e-01
4.6900000e+03 4.7000000e+03 9.8104845e-01
4.7000000e+03 4.7100000e+03 9.7674898e-01
4.7100000e+03 4.7200000e+03 9.7609621e-01
4.7200000e+03 4.7300000e+03 9.8256206e-01
4.7300000e+03 4.7400000e+03 9.7575304e-01
4.7400000e+03 4.7500000e+03 9.7613795e-01
4.7500000e+03 4.7600000e+03 9.6988369e-01
4.7600000e+03 4.7700000e+03 9.8032540e-01
4.7700000e+03 4.7800000e+03 9.7872466e-01
4.7800000e+03 4.7900000e+03 9.7504103e-01
4.7900000e+03 4.8000000e+03 9.9186864e-01
4.8000000e+03 4.8100000e+03 9.8455299e-01
4.8100000e+03 4.8200000e+03 9.8407902e-01
4.8200000e+03 4.8300000e+03 9.6486493e-01
4.8300000e+03 4.8400000e+03 9.7853380e-01
4.8400000e+03 4.8500000e+03 9.7824660e-01
4.8500000e+03 4.8600000e+03 9.8380857e-01
4.8600000e+03 4.8700000e+03 9.4420462e-01
4.8700000e+03 4.8800000e+03 9.7378326e-01
4.8800000e+03 4.8900000e+03 9.8581780e-01
4.8900000e+03 4.9000000e+03 9.6044151e-01
4.9000000e+03 4.9100000e+03 9.6705430e-01
4.9100000e+03 4.9200000e+03 9.7000724e-01
4.9200000e+03 4.9300000e+03 9.7028061e-01
4.9300000e+03 4.9400000e+03 9.7696142e-01
4.9400000e+03 4.9500000e+03 9.7268696e-01
4.9500000e+03 4.9600000e+03 9.6795677e-01
4.9600000e+03 4.9700000e+03 9.7568233e-01
4.9700000e+03 4.9800000e+03 9.7827971e-01
4.9800000e+03 4.9900000e+03 9.7351363e-01
4.9900000e+03 5.0000000e+03 9.7477780e-01
5.0000000e+03 5.0100000e+03 9.7488629e-01
5.0100000e+03 5.0200000e+03 9.7791015e-01
5.0200000e+03 5.0300000e+03 9.8272677e-01
5.0300000e+03 5.0400000e+03 9.8111848e-01
5.0400000e+03 5.0500000e+03 9.7730647e-01
5.0500000e+03 5.0600000e+03 9.5335223e-01
5.0600000e+03 5.0700000e+03 9.7097283e-01
5.0700000e+03 5.0800000e+03 9.8136771e-01
5.0800000e+03 5.0900000e+03 9.7580088e-01
5.0900000e+03 5.1000000e+03 9.8059765e-01
5.1000000e+03 5.1100000e+03 9.6790653e-01
5.1100000e+03 5.1200000e+03 9.4919970e-01
5.1200000e+03 5.1300000e+03 9.7824880e-01
5.1300000e+03 5.1400000e+03 9.7632269e-01
5.1400000e+03 5.1500000e+03 9.7920305e-01
5.1500000e+03 5.1600000e+03 9.7677769e-01
5.1600000e+03 5.1700000e+03 9.6846880e-01
5.1700000e+03 5.1800000e+03 9.5753434e-01
5.1800000e+03 5.1900000e+03 9.4717301e-01
5.1900000e+03 5.2000000e+03 9.7536641e-01
5.2000000e+03 5.2100000e+03 9.7994634e-01
5.2100000e+03 5.2200000e+03 9.6879308e-01
5.2200000e+03 5.2300000e+03 9.7394346e-01
5.2300000e+03 5.2400000e+03 9.6587590e-01
5.2400000e+03 5.2500000e+03 9.6814030e-01
5.2500000e+03 5.2600000e+03 9.8273432e-01
5.2600000e+03 5.2700000e+03 9.6464348e-01
5.2700000e+03 5.2800000e+03 9.7544064e-01
5.2800000e+03 5.2900000e+03 9.6476431e-01
5.2900000e+03 5.3000000e+03 9.7592755e-01
5.3000000e+03 5.3100000e+03 9.5849441e-01
5.3100000e+03 5.3200000e+03 9.7758836e-01
5.3200000e+03 5.3300000e+03 9.7557496e-01
5.3300000e+03 5.3400000e+03 9.7328423e-01
5.3400000e+03 5.3500000e+03 9.6907658e-01
5.3500000e+03 5.3600000e+03 9.7790777e-01
5.3600000e+03 5.3700000e+03 9.6720719e-01
5.3700000e+03 5.3800000e+03 9.5399729e-01
5.3800000e+03 5.3900000e+03 9.6008739e-01
5.3900000e+03 5.4000000e+03 9.6337987e-01
5.4000000e+03 5.4100000e+03 9.7374536e-01
5.4100000e+03 5.4200000e+03 9.6449865e-01
5.4200000e+03 5.4300000e+03 9.6588008e-01
5.4300000e+03 5.4400000e+03 9.5456816e-01
5.4400000e+03 5.4500000e+03 9.4986430e-01
5.4500000e+03 5.4600000e+03 9.4387909e-01
5.4600000e+03 5.4700000e+03 9.6495089e-01
5.4700000e+03 5.4800000e+03 9.6328103e-01
5.4800000e+03 5.4900000e+03 9.7904056e-01
5.4900000e+03 5.5000000e+03 9.5642961e-01
5.5000000e+03 5.5100000e+03 9.5581345e-01
5.5100000e+03 5.5200000e+03 9.8052478e-01
5.5200000e+03 5.5300000e+03 9.6912088e-01
5.5300000e+03 5.5400000e+03 9.8167747e-01
5.5400000e+03 5.5500000e+03 9.8249420e-01
5.5500000e+03 5.5600000e+03 9.8257332e-01
5.5600000e+03 5.5700000e+03 9.7849376e-01
5.5700000e+03 5.5800000e+03 9.5913867e-01
5.5800000e+03 5.5900000e+03 9.6864554e-01
5.5900000e+03 5.6000000e+03 9.7839838e-01
5.6000000e+03 5.6100000e+03 9.6062909e-01
5.6100000e+03 5.6200000e+03 9.5801939e-01
5.6200000e+03 5.6300000e+03 9.6333695e-01
5.6300000e+03 5.6400000e+03 9.7954392e-01
5.6400000e+03 5.6500000e+03 9.7882559e-01
5.6500000e+03 5.6600000e+03 9.7915949e-01
5.6600000e+03 5.6700000e+03 9.8040942e-01
5.6700000e+03 5.6800000e+03 9.7663307e-01
5.6800000e+03 5.6900000e+03 9.7900630e-01
5.6900000e+03 5.7000000e+03 9.9054224e-01
5.7000000e+03 5.7100000e+03 9.7998129e-01
5.7100000e+03 5.7200000e+03 9.8021457e-01
5.7200000e+03 5.7300000e+03 9.9273314e-01
5.7300000e+03 5.7400000e+03 9.9392648e-01
5.7400000e+03 5.7500000e+03 9.8912935e-01
5.7500000e+03 5.7600000e+03 9.7961726e-01
5.7600000e+03 5.7700000e+03 9.6789312e-01
5.7700000e+03 5.7800000e+03 9.9041486e-01
5.7800000e+03 5.7900000e+03 9.8636799e-01
5.7900000e+03 5.8000000e+03 9.7701239e-01
5.8000000e+03 5.8100000e+03 9.9238716e-01
5.8100000e+03 5.8200000e+03 9.8526823e-01
5.8200000e+03 5.8300000e+03 9.9797845e-01
5.8300000e+03 5.8400000e+03 9.9447237e-01
5.8400000e+03 5.8500000e+03 9.9225935e-01
5.8500000e+03 5.8600000e+03 9.6695809e-01
5.8600000e+03 5.8700000e+03 9.6141349e-01
5.8700000e+03 5.8800000e+03 9.9890904e-01
5.8800000e+03 5.8900000e+03 9.5392164e-01
5.8900000e+03 5.9000000e+03 9.7140676e-01
5.9000000e+03 5.9100000e+03 9.8834990e-01
5.9100000e+03 5.9200000e+03 9.6298114e-01
5.9200000e+03 5.9300000e+03 9.8753040e-01
5.9300000e+03 5.9400000e+03 9.6324280e-01
5.9400000e+03 5.9500000e+03 9.8677882e-01
5.9500000e+03 5.9600000e+03 9.8548054e-01
5.9600000e+03 5.9700000e+03 9.9661732e-01
5.9700000e+03 5.9800000e+03 9.6044814e-01
5.9800000e+03 5.9900000e+03 9.7411147e-01
5.9900000e+03 6.0000000e+03 9.9130754e-01
6.0000000e+03 6.0100000e+03 9.7345206e-01
6.0100000e+03 6.0200000e+03 9.7650286e-01
6.0200000e+03 6.0300000e+03 9.7303124e-01
6.0300000e+03 6.0400000e+03 9.9909541e-01
6.0400000e+03 6.0500000e+03 9.9973137e-01
6.0500000e+03 6.0600000e+03 9.8205273e-01
6.0600000e+03 6.0700000e+03 9.4097744e-01
6.0700000e+03 6.0800000e+03 9.8046204e-01
6.0800000e+03 6.0900000e+03 9.9531451e-01
6.0900000e+03 6.1000000e+03 9.9609970e-01
6.1000000e+03 6.1100000e+03 9.6501136e-01
6.1100000e+03 6.1200000e+03 9.9197338e-01
6.1200000e+03 6.1300000e+03 9.5924635e-01
6.1300000e+03 6.1400000e+03 9.6336197e-01
6.1400000e+03 6.1500000e+03 9.6786727e-01
6.1500000e+03 6.1600000e+03 9.7977281e-01
6.1600000e+03 6.1700000e+03 9.8060592e-01
6.1700000e+03 6.1800000e+03 9.8044117e-01
6.1800000e+03 6.1900000e+03 9.8860476e-01
6.1900000e+03 6.2000000e+03 9.4963903e-01
6.2000000e+03 6.2100000e+03 9.7636564e-01
6.2100000e+03 6.2200000e+03 9.6864557e-01
6.2200000e+03 6.2300000e+03 9.9451121e-01
6.2300000e+03 6.2400000e+03 9.6570201e-01
6.2400000e+03 6.2500000e+03 9.8318217e-01
6.2500000e+03 6.2600000e+03 9.7523368e-01
6.2600000e+03 6.2700000e+03 9.5670135e-01
6.2700000e+03 6.2800000e+03 9.7504863e-01
6.2800000e+03 6.2900000e+03 9.8583930e-01
6.2900000e+03 6.3000000e+03 9.7871552e-01
6.3000000e+03 6.3100000e+03 9.7024868e-01
6.3100000e+03 6.3200000e+03 9.7840919e-01
6.3200000e+03 6.3300000e+03 9.7260021e-01
6.3300000e+03 6.3400000e+03 9.6245674e-01
6.3400000e+03 6.3500000e+03 9.9161395e-01
6.3500000e+03 6.3600000e+03 9.7692915e-01
6.3600000e+03 6.3700000e+03 9.9628045e-01
6.3700000e+03 6.3800000e+03 9.9617327e-01
6.3800000e+03 6.3900000e+03 9.8924559e-01
6.3900000e+03 6.4000000e+03 9.4668954e-01
6.4000000e+03 6.4100000e+03 9.5570725e-01
6.4100000e+03 6.4200000e+03 9.6735078e-01
6.4200000e+03 6.4300000e+03 9.4551589e-01
6.4300000e+03 6.4400000e+03 9.5554104e-01
6.4400000e+03 6.4500000e+03 9.5439433e-01
6.4500000e+03 6.4600000e+03 9.8408721e-01
6.4600000e+03 6.4700000e+03 9.5860354e-01
6.4700000e+03 6.4800000e+03 9.5768811e-01
6.4800000e+03 6.4900000e+03 9.8158037e-01
6.4900000e+03 6.5000000e+03 9.7999959e-01
6.5000000e+03 6.5100000e+03 9.7826358e-01
6.5100000e+03 6.5200000e+03 9.9081777e-01
6.5200000e+03 6.5300000e+03 9.9858604e-01
6.5300000e+03 6.5400000e+03 9.9708888e-01
6.5400000e+03 6.5500000e+03 9.5067744e-01
6.5500000e+03 6.5600000e+03 9.9981586e-01
6.5600000e+03 6.5700000e+03 9.7962324e-01
6.5700000e+03 6.5800000e+03 9.8734782e-01
6.5800000e+03 6.5900000e+03 9.9368396e-01
6.5900000e+03 6.6000000e+03 9.6089700e-01
6.6000000e+03 6.6100000e+03 9.7623458e-01
6.6100000e+03 6.6200000e+03 9.9976706e-01
6.6200000e+03 6.6300000e+03 9.9874488e-01
6.6300000e+03 6.6400000e+03 9.8992752e-01
6.6400000e+03 6.6500000e+03 9.7253549e-01
6.6500000e+03 6.6600000e+03 9.9913932e-01
6.6600000e+03 6.6700000e+03 9.8020694e-01
6.6700000e+03 6.6800000e+03 9.4189967e-01
6.6800000e+03 6.6900000e+03 9.9862963e-01
6.6900000e+03 6.7000000e+03 9.9499136e-01
6.7000000e+03 6.7100000e+03 9.9638198e-01
6.7100000e+03 6.7200000e+03 9.7551237e-01
6.7200000e+03 6.7300000e+03 9.9035947e-01
6.7300000e+03 6.7400000e+03 9.9650097e-01
6.7400000e+03 6.7500000e+03 9.9890031e-01
6.7500000e+03 6.7600000e+03 9.7684087e-01
6.7600000e+03 6.7700000e+03 9.7155387e-01
6.7700000e+03 6.7800000e+03 9.9136581e-01
6.7800000e+03 6.7900000e+03 9.9650632e-01
6.7900000e+03 6.8000000e+03 9.9484718e-01
6.8000000e+03 6.8100000e+03 9.7195212e-01
6.8100000e+03 6.8200000e+03 9.9473237e-01
6.8200000e+03 6.8300000e+03 9.9162383e-01
6.8300000e+03 6.8400000e+03 9.9772402e-01
6.8400000e+03 6.8500000e+03 9.8637873e-01
6.8500000e+03 6.8600000e+03 9.8282843e-01
6.8600000e+03 6.8700000e+03 9.6890143e-01
6.8700000e+03 6.8800000e+03 9.9918271e-01
6.8800000e+03 6.8900000e+03 9.9505717e-01
6.8900000e+03 6.9000000e+03 9.9864940e-01
6.9000000e+03 6.9100000e+03 9.9944239e-01
6.9100000e+03 6.9200000e+03 9.8440026e-01
6.9200000e+03 6.9300000e+03 9.9118802e-01
6.9300000e+03 6.9400000e+03 9.9709144e-01
6.9400000e+03 6.9500000e+03 9.6484648e-01
6.9500000e+03 6.9600000e+03 9.9737800e-01
6.9600000e+03 6.9700000e+03 9.9849538e-01
6.9700000e+03 6.9800000e+03 9.8891201e-01
6.9800000e+03 6.9900000e+03 9.9825354e-01
6.9900000e+03 7.0000000e+03 9.9371255e-01
7.0000000e+03 7.0100000e+03 9.9994463e-01
7.0100000e+03 7.0200000e+03 9.9034214e-01
7.0200000e+03 7.0300000e+03 9.9168944e-01
7.0300000e+03 7.0400000e+03 9.9055320e-01
7.0400000e+03 7.0500000e+03 9.9816152e-01
7.0500000e+03 7.0600000e+03 9.9891226e-01
7.0600000e+03 7.0700000e+03 9.9145448e-01
7.0700000e+03 7.0800000e+03 9.9773266e-01
7.0800000e+03 7.0900000e+03 9.9653886e-01
7.0900000e+03 7.1000000e+03 9.8908974e-01
7.1000000e+03 7.1100000e+03 9.9892263e-01
7.1100000e+03 7.1200000e+03 9.9728853e-01
7.1200000e+03 7.1300000e+03 9.6256404e-01
7.1300000e+03 7.1400000e+03 9.7763531e-01
7.1400000e+03 7.1500000e+03 9.5672491e-01
7.1500000e+03 7.1600000e+03 9.8871284e-01
7.1600000e+03 7.1700000e+03 9.7241282e-01
7.1700000e+03 7.1800000e+03 9.9300286e-01
7.1800000e+03 7.1900000e+03 9.7297062e-01
7.1900000e+03 7.2000000e+03 9.9421541e-01
7.2000000e+03 7.2100000e+03 9.7223109e-01
7.2100000e+03 7.2200000e+03 9.9602852e-01
7.2200000e+03 7.2300000e+03 9.7952793e-01
7.2300000e+03 7.2400000e+03 9.9488310e-01
7.2400000e+03 7.2500000e+03 9.9203329e-01
7.2500000e+03 7.2600000e+03 9.9268722e-01
7.2600000e+03 7.2700000e+03 9.8853679e-01
7.2700000e+03 7.2800000e+03 9.9167404e-01
7.2800000e+03 7.2900000e+03 9.8137196e-01
7.2900000e+03 7.3000000e+03 9.8868926e-01
7.3000000e+03 7.3100000e+03 9.8281387e-01
7.3100000e+03 7.3200000e+03 9.8913872e-01
7.3200000e+03 7.3300000e+03 9.6262911e-01
7.3300000e+03 7.3400000e+03 9.9671378e-01
7.3400000e+03 7.3500000e+03 9.9923659e-01
7.3500000e+03 7.3600000e+03 9.8361757e-01
7.3600000e+03 7.3700000e+03 9.9647630e-01
7.3700000e+03 7.3800000e+03 9.9754534e-01
7.3800000e+03 7.3900000e+03 9.8449972e-01
7.3900000e+03 7.4000000e+03 9.8665964e-01
7.4000000e+03 7.4100000e+03 9.8432437e-01
7.4100000e+03 7.4200000e+03 9.8058344e-01
7.4200000e+03 7.4300000e+03 9.7430482e-01
7.4300000e+03 7.4400000e+03 9.9851284e-01
7.4400000e+03 7.4500000e+03 9.7116960e-01
7.4500000e+03 7.4600000e+03 9.9874211e-01
7.4600000e+03 7.4700000e+03 9.7152915e-01
7.4700000e+03 7.4800000e+03 9.9820665e-01
7.4800000e+03 7.4900000e+03 9.9894570e-01
7.4900000e+03 7.5000000e+03 9.6198672e-01
7.5000000e+03 7.5100000e+03 9.9894182e-01
7.5100000e+03 7.5200000e+03 9.5125298e-01
7.5200000e+03 7.5300000e+03 9.7334983e-01
7.5300000e+03 7.5400000e+03 9.9429317e-01
7.5400000e+03 7.5500000e+03 9.9968938e-01
7.5500000e+03 7.5600000e+03 9.6860034e-01
7.5600000e+03 7.5700000e+03 9.8470702e-01
7.5700000e+03 7.5800000e+03 9.8243991e-01
7.5800000e+03 7.5900000e+03 9.6984147e-01
7.5900000e+03 7.6000000e+03 9.9961029e-01
7.6000000e+03 7.6100000e+03 9.9879168e-01
7.6100000e+03 7.6200000e+03 9.6639393e-01
7.6200000e+03 7.6300000e+03 9.8885569e-01
7.6300000e+03 7.6400000e+03 9.9973096e-01
7.6400000e+03 7.6500000e+03 9.9952102e-01
7.6500000e+03 7.6600000e+03 9.8435605e-01
7.6600000e+03 7.6700000e+03 9.7036520e-01
7.6700000e+03 7.6800000e+03 9.9961794e-01
7.6800000e+03 7.6900000e+03 9.9110829e-01
7.6900000e+03 7.7000000e+03 9.8497148e-01
7.7000000e+03 7.7100000e+03 9.9984926e-01
7.7100000e+03 7.7200000e+03 9.7833281e-01
7.7200000e+03 7.7300000e+03 9.7989121e-01
7.7300000e+03 7.7400000e+03 9.9952120e-01
7.7400000e+03 7.7500000e+03 9.7762169e-01
7.7500000e+03 7.7600000e+03 9.9638352e-01
7.7600000e+03 7.7700000e+03 9.9980712e-01
7.7700000e+03 7.7800000e+03 9.9465394e-01
7.7800000e+03 7.7900000e+03 9.8300865e-01
7.7900000e+03 7.8000000e+03 9.7717999e-01
7.8000000e+03 7.8100000e+03 9.9458236e-01
7.8100000e+03 7.8200000e+03 9.9663494e-01
7.8200000e+03 7.8300000e+03 9.8835571e-01
7.8300000e+03 7.8400000e+03 9.6506272e-01
7.8400000e+03 7.8500000e+03 9.9822108e-01
7.8500000e+03 7.8600000e+03 9.6301713e-01
7.8600000e+03 7.8700000e+03 9.9879857e-01
7.8700000e+03 7.8800000e+03 9.9927643e-01
7.8800000e+03 7.8900000e+03 9.9915347e-01
7.8900000e+03 7.9000000e+03 9.9918959e-01
7.9000000e+03 7.9100000e+03 9.9837398e-01
7.9100000e+03 7.9200000e+03 9.9106372e-01
7.9200000e+03 7.9300000e+03 9.9967832e-01
7.9300000e+03 7.9400000e+03 9.7076027e-01
7.9400000e+03 7.9500000e+03 9.6806560e-01
7.9500000e+03 7.9600000e+03 9.9769398e-01
7.9600000e+03 7.9700000e+03 9.9965274e-01
7.9700000e+03 7.9800000e+03 9.9838404e-01
7.9800000e+03 7.9900000e+03 9.9966340e-01
7.9900000e+03 8.0000000e+03 9.5596365e-01
8.0000000e+03 8.0100000e+03 9.9887352e-01
8.0100000e+03 8.0200000e+03 9.9939299e-01
8.0200000e+03 8.0300000e+03 9.8643894e-01
8.0300000e+03 8.0400000e+03 9.9719963e-01
8.0400000e+03 8.0500000e+03 9.6840814e-01
8.0500000e+03 8.0600000e+03 9.9781492e-01
8.0600000e+03 8.0700000e+03 9.9973581e-01
8.0700000e+03 8.0800000e+03 9.9817243e-01
8.0800000e+03 8.0900000e+03 9.6667376e-01
8.0900000e+03 8.1000000e+03 9.8890649e-01
8.1000000e+03 8.1100000e+03 9.9957317e-01
8.1100000e+03 8.1200000e+03 9.9940066e-01
8.1200000e+03 8.1300000e+03 9.9966155e-01
8.1300000e+03 8.1400000e+03 9.9992079e-01
8.1400000e+03 8.1500000e+03 9.9962544e-01
8.1500000e+03 8.1600000e+03 9.9948821e-01
8.1600000e+03 8.1700000e+03 9.9532448e-01
8.1700000e+03 8.1800000e+03 9.9773413e-01
8.1800000e+03 8.1900000e+03 9.9449324e-01
8.1900000e+03 8.2000000e+03 9.7780719e-01
8.2000000e+03 8.2100000e+03 9.8890024e-01
8.2100000e+03 8.2200000e+03 9.7866932e-01
8.2200000e+03 8.2300000e+03 9.5391991e-01
8.2300000e+03 8.2400000e+03 9.8205261e-01
8.2400000e+03 8.2500000e+03 9.8650479e-01
8.2500000e+03 8.2600000e+03 9.9808877e-01
8.2600000e+03 8.2700000e+03 9.9860924e-01
8.2700000e+03 8.2800000e+03 9.9917069e-01
8.2800000e+03 8.2900000e+03 9.9985718e-01
8.2900000e+03 8.3000000e+03 9.9064489e-01
8.3000000e+03 8.3100000e+03 9.8957268e-01
8.3100000e+03 8.3200000e+03 9.9272978e-01
8.3200000e+03 8.3300000e+03 9.4811883e-01
8.3300000e+03 8.3400000e+03 9.8671513e-01
8.3400000e+03 8.3500000e+03 9.8830573e-01
8.3500000e+03 8.3600000e+03 9.9874882e-01
8.3600000e+03 8.3700000e+03 9.8603082e-01
8.3700000e+03 8.3800000e+03 9.9810069e-01
8.3800000e+03 8.3900000e+03 9.5582325e-01
8.3900000e+03 8.4000000e+03 9.9819717e-01
8.4000000e+03 8.4100000e+03 9.9726562e-01
8.4100000e+03 8.4200000e+03 9.8885435e-01
8.4200000e+03 8.4300000e+03 9.9220040e-01
8.4300000e+03 8.4400000e+03 9.8341091e-01
8.4400000e+03 8.4500000e+03 9.9616035e-01
8.4500000e+03 8.4600000e+03 9.9850441e-01
8.4600000e+03 8.4700000e+03 9.5475490e-01
8.4700000e+03 8.4800000e+03 9.9445672e-01
8.4800000e+03 8.4900000e+03 9.9558483e-01
8.4900000e+03 8.5000000e+03 9.7246187e-01
8.5000000e+03 8.5100000e+03 9.9556652e-01
8.5100000e+03 8.5200000e+03 9.6359958e-01
8.5200000e+03 8.5300000e+03 9.8387792e-01
8.5300000e+03 8.5400000e+03 9.9749897e-01
8.5400000e+03 8.5500000e+03 9.7046239e-01
8.5500000e+03 8.5600000e+03 9.8604311e-01
8.5600000e+03 8.5700000e+03 9.9987320e-01
8.5700000e+03 8.5800000e+03 9.9935279e-01
8.5800000e+03 8.5900000e+03 9.7816185e-01
8.5900000e+03 8.6000000e+03 9.9569596e-01
8.6000000e+03 8.6100000e+03 9.9885182e-01
8.6100000e+03 8.6200000e+03 9.6868753e-01
8.6200000e+03 8.6300000e+03 9.7002874e-01
8.6300000e+03 8.6400000e+03 9.9820583e-01
8.6400000e+03 8.6500000e+03 9.8822025e-01
8.6500000e+03 8.6600000e+03 9.9938879e-01
8.6600000e+03 8.6700000e+03 9.7143695e-01
8.6700000e+03 8.6800000e+03 9.6095762e-01
8.6800000e+03 8.6900000e+03 9.6315372e-01
8.6900000e+03 8.7000000e+03 9.8585523e-01
8.7000000e+03 8.7100000e+03 9.9940361e-01
8.7100000e+03 8.7200000e+03 9.9295834e-01
8.7200000e+03 8.7300000e+03 9.9383819e-01
8.7300000e+03 8.7400000e+03 9.7827614e-01
8.7400000e+03 8.7500000e+03 9.9184591e-01
8.7500000e+03 8.7600000e+03 9.6573563e-01
8.7600000e+03 8.7700000e+03 9.9927001e-01
8.7700000e+03 8.7800000e+03 9.8579880e-01
8.7800000e+03 8.7900000e+03 9.9907007e-01
8.7900000e+03 8.8000000e+03 9.7721149e-01
8.8000000e+03 8.8100000e+03 9.7248169e-01
8.8100000e+03 8.8200000e+03 9.9682091e-01
8.8200000e+03 8.8300000e+03 9.5054049e-01
8.8300000e+03 8.8400000e+03 9.6226644e-01
8.8400000e+03 8.8500000e+03 9.9416780e-01
8.8500000e+03 8.8600000e+03 9.9995810e-01
8.8600000e+03 8.8700000e+03 9.7403645e-01
8.8700000e+03 8.8800000e+03 9.9743551e-01
8.8800000e+03 8.8900000e+03 9.9958102e-01
8.8900000e+03 8.9000000e+03 9.9495165e-01
8.9000000e+03 8.9100000e+03 9.9944711e-01
8.9100000e+03 8.9200000e+03 9.8816698e-01
8.9200000e+03 8.9300000e+03 9.9116455e-01
8.9300000e+03 8.9400000e+03 9.9922644e-01
8.9400000e+03 8.9500000e+03 9.8487419e-01
8.9500000e+03 8.9600000e+03 9.9907749e-01
8.9600000e+03 8.9700000e+03 9.9631494e-01
8.9700000e+03 8.9800000e+03 9.9060278e-01
8.9800000e+03 8.9900000e+03 9.9756329e-01
8.9900000e+03 9.0000000e+03 9.5606741e-01
