3000 3010
3010 3020
3020 3030
3030 3040
3040 3050
3050 3060
3060 3070
3070 3080
3080 3090
3090 3100
3100 3110
3110 3120
3120 3130
3130 3140
3140 3150
3150 3160
3160 3170
3170 3180
3180 3190
3190 3200
3200 3210
3210 3220
3220 3230
3230 3240
3240 3250
3250 3260
3260 3270
3270 3280
3280 3290
3290 3300
3300 3310
3310 3320
3320 3330
3330 3340
3340 3350
3350 3360
3360 3370
3370 3380
3380 3390
3390 3400
3400 3410
3410 3420
3420 3430
3430 3440
3440 3450
3450 3460
3460 3470
3470 3480
3480 3490
3490 3500
3500 3510
3510 3520
3520 3530
3530 3540
3540 3550
3550 3560
3560 3570
3570 3580
3580 3590
3590 3600
3600 3610
3610 3620
3620 3630
3630 3640
3640 3650
3650 3660
3660 3670
3670 3680
3680 3690
3690 3700
3700 3710
3710 3720
3720 3730
3730 3740
3740 3750
3750 3760
3760 3770
3770 3780
3780 3790
3790 3800
3800 3810
3810 3820
3820 3830
3830 3840
3840 3850
3850 3860
3860 3870
3870 3880
3880 3890
3890 3900
3900 3910
3910 3920
3920 3930
3930 3940
3940 3950
3950 3960
3960 3970
3970 3980
3980 3990
3990 4000
