8.5000000e+02 8.6000000e+02 0.0000000e+00
8.6000000e+02 8.7000000e+02 0.0000000e+00
8.7000000e+02 8.8000000e+02 0.0000000e+00
8.8000000e+02 8.9000000e+02 0.0000000e+00
8.9000000e+02 9.0000000e+02 0.0000000e+00
9.0000000e+02 9.1000000e+02 8.8500268e-01
9.1000000e+02 9.2000000e+02 1.0060764e+00
9.2000000e+02 9.3000000e+02 9.9977952e-01
9.3000000e+02 9.4000000e+02 1.0028129e+00
9.4000000e+02 9.5000000e+02 9.6832008e-01
9.5000000e+02 9.6000000e+02 9.3726151e-01
9.6000000e+02 9.7000000e+02 9.0171024e-01
9.7000000e+02 9.8000000e+02 9.9654756e-01
9.8000000e+02 9.9000000e+02 9.1766195e-01
9.9000000e+02 1.0000000e+03 9.3672538e-01
1.0000000e+03 1.0100000e+03 9.2900426e-01
1.0100000e+03 1.0200000e+03 9.7775948e-01
1.0200000e+03 1.0300000e+03 9.9614285e-01
1.0300000e+03 1.0400000e+03 8.7993738e-01
1.0400000e+03 1.0500000e+03 9.0324163e-01
1.0500000e+03 1.0600000e+03 9.6573328e-01
1.0600000e+03 1.0700000e+03 9.2467597e-01
1.0700000e+03 1.0800000e+03 9.3072215e-01
1.0800000e+03 1.0900000e+03 8.9535306e-01
1.0900000e+03 1.1000000e+03 9.4131941e-01
1.1000000e+03 1.1100000e+03 1.0260922e+00
1.1100000e+03 1.1200000e+03 9.6986422e-01
1.1200000e+03 1.1300000e+03 9.6425752e-01
1.1300000e+03 1.1400000e+03 9.5092571e-01
1.1400000e+03 1.1500000e+03 9.0556817e-01
1.1500000e+03 1.1600000e+03 9.9533231e-01
1.1600000e+03 1.1700000e+03 9.4859834e-01
1.1700000e+03 1.1800000e+03 9.4534156e-01
1.1800000e+03 1.1900000e+03 9.4075456e-01
1.1900000e+03 1.2000000e+03 9.6438316e-01
1.2000000e+03 1.2100000e+03 8.9419070e-01
1.2100000e+03 1.2200000e+03 9.9929817e-01
1.2200000e+03 1.2300000e+03 9.5285352e-01
1.2300000e+03 1.2400000e+03 9.5076296e-01
1.2400000e+03 1.2500000e+03 9.8123703e-01
1.2500000e+03 1.2600000e+03 9.6875953e-01
1.2600000e+03 1.2700000e+03 9.2983345e-01
1.2700000e+03 1.2800000e+03 9.5700175e-01
1.2800000e+03 1.2900000e+03 9.8776566e-01
1.2900000e+03 1.3000000e+03 9.5702970e-01
1.3000000e+03 1.3100000e+03 9.8396074e-01
1.3100000e+03 1.3200000e+03 9.5950762e-01
1.3200000e+03 1.3300000e+03 9.6241277e-01
1.3300000e+03 1.3400000e+03 9.6380954e-01
1.3400000e+03 1.3500000e+03 1.0455965e+00
1.3500000e+03 1.3600000e+03 9.7502171e-01
1.3600000e+03 1.3700000e+03 9.6925626e-01
1.3700000e+03 1.3800000e+03 9.7223716e-01
1.3800000e+03 1.3900000e+03 9.6146901e-01
1.3900000e+03 1.4000000e+03 9.4030609e-01
1.4000000e+03 1.4100000e+03 9.7355799e-01
1.4100000e+03 1.4200000e+03 9.6866385e-01
1.4200000e+03 1.4300000e+03 9.6870140e-01
1.4300000e+03 1.4400000e+03 9.7148687e-01
1.4400000e+03 1.4500000e+03 9.8198031e-01
1.4500000e+03 1.4600000e+03 9.6492939e-01
1.4600000e+03 1.4700000e+03 9.7593041e-01
1.4700000e+03 1.4800000e+03 9.6870111e-01
1.4800000e+03 1.4900000e+03 9.6677243e-01
1.4900000e+03 1.5000000e+03 9.5815749e-01
1.5000000e+03 1.5100000e+03 9.5430812e-01
1.5100000e+03 1.5200000e+03 9.7808863e-01
1.5200000e+03 1.5300000e+03 1.1138513e+00
1.5300000e+03 1.5400000e+03 9.2923270e-01
1.5400000e+03 1.5500000e+03 9.2265419e-01
1.5500000e+03 1.5600000e+03 9.5182419e-01
1.5600000e+03 1.5700000e+03 9.2093328e-01
1.5700000e+03 1.5800000e+03 9.7291740e-01
1.5800000e+03 1.5900000e+03 9.7387683e-01
1.5900000e+03 1.6000000e+03 9.6832431e-01
1.6000000e+03 1.6100000e+03 9.7844382e-01
1.6100000e+03 1.6200000e+03 9.7620452e-01
1.6200000e+03 1.6300000e+03 9.3174348e-01
1.6300000e+03 1.6400000e+03 9.6049904e-01
1.6400000e+03 1.6500000e+03 9.7274113e-01
1.6500000e+03 1.6600000e+03 9.7853332e-01
1.6600000e+03 1.6700000e+03 9.8119615e-01
1.6700000e+03 1.6800000e+03 9.7384269e-01
1.6800000e+03 1.6900000e+03 1.1441366e+00
1.6900000e+03 1.7000000e+03 9.7195289e-01
1.7000000e+03 1.7100000e+03 8.8772349e-01
1.7100000e+03 1.7200000e+03 1.0106597e+00
1.7200000e+03 1.7300000e+03 9.8259067e-01
1.7300000e+03 1.7400000e+03 9.8657672e-01
1.7400000e+03 1.7500000e+03 9.7519227e-01
1.7500000e+03 1.7600000e+03 9.7598463e-01
1.7600000e+03 1.7700000e+03 9.7511333e-01
1.7700000e+03 1.7800000e+03 9.2525943e-01
1.7800000e+03 1.7900000e+03 9.9139673e-01
1.7900000e+03 1.8000000e+03 9.6199778e-01
1.8000000e+03 1.8100000e+03 9.8796612e-01
1.8100000e+03 1.8200000e+03 9.8551058e-01
1.8200000e+03 1.8300000e+03 9.8241418e-01
1.8300000e+03 1.8400000e+03 9.8577066e-01
1.8400000e+03 1.8500000e+03 9.7105370e-01
1.8500000e+03 1.8600000e+03 9.7822858e-01
1.8600000e+03 1.8700000e+03 1.0262682e+00
1.8700000e+03 1.8800000e+03 9.8792644e-01
1.8800000e+03 1.8900000e+03 9.5096305e-01
1.8900000e+03 1.9000000e+03 9.9066350e-01
1.9000000e+03 1.9100000e+03 9.9188005e-01
1.9100000e+03 1.9200000e+03 9.8354596e-01
1.9200000e+03 1.9300000e+03 9.8887278e-01
1.9300000e+03 1.9400000e+03 9.7642630e-01
1.9400000e+03 1.9500000e+03 9.8220963e-01
1.9500000e+03 1.9600000e+03 9.8915210e-01
1.9600000e+03 1.9700000e+03 9.8733663e-01
1.9700000e+03 1.9800000e+03 9.8866550e-01
1.9800000e+03 1.9900000e+03 9.8796915e-01
1.9900000e+03 2.0000000e+03 9.8423086e-01
2.0000000e+03 2.0100000e+03 9.8730275e-01
2.0100000e+03 2.0200000e+03 9.9009107e-01
2.0200000e+03 2.0300000e+03 9.7639710e-01
2.0300000e+03 2.0400000e+03 9.8996546e-01
2.0400000e+03 2.0500000e+03 9.8802578e-01
2.0500000e+03 2.0600000e+03 9.9308000e-01
2.0600000e+03 2.0700000e+03 9.8750531e-01
2.0700000e+03 2.0800000e+03 9.9715392e-01
2.0800000e+03 2.0900000e+03 1.0109101e+00
2.0900000e+03 2.1000000e+03 9.6742158e-01
2.1000000e+03 2.1100000e+03 1.0052834e+00
2.1100000e+03 2.1200000e+03 9.8955348e-01
2.1200000e+03 2.1300000e+03 9.9141213e-01
2.1300000e+03 2.1400000e+03 1.0151705e+00
2.1400000e+03 2.1500000e+03 1.0134856e+00
2.1500000e+03 2.1600000e+03 1.0266693e+00
2.1600000e+03 2.1700000e+03 9.9570737e-01
2.1700000e+03 2.1800000e+03 1.0087749e+00
2.1800000e+03 2.1900000e+03 1.0077920e+00
2.1900000e+03 2.2000000e+03 9.7259261e-01
2.2000000e+03 2.2100000e+03 1.0081819e+00
2.2100000e+03 2.2200000e+03 1.0004870e+00
2.2200000e+03 2.2300000e+03 1.0275227e+00
2.2300000e+03 2.2400000e+03 1.0314768e+00
2.2400000e+03 2.2500000e+03 1.0033976e+00
2.2500000e+03 2.2600000e+03 9.9018151e-01
2.2600000e+03 2.2700000e+03 9.9847522e-01
2.2700000e+03 2.2800000e+03 9.9187063e-01
2.2800000e+03 2.2900000e+03 1.0026185e+00
2.2900000e+03 2.3000000e+03 1.0064669e+00
2.3000000e+03 2.3100000e+03 1.0025139e+00
2.3100000e+03 2.3200000e+03 1.0034593e+00
2.3200000e+03 2.3300000e+03 1.0020626e+00
2.3300000e+03 2.3400000e+03 9.9811084e-01
2.3400000e+03 2.3500000e+03 9.8620487e-01
2.3500000e+03 2.3600000e+03 1.0061749e+00
2.3600000e+03 2.3700000e+03 9.8500453e-01
2.3700000e+03 2.3800000e+03 9.9176382e-01
2.3800000e+03 2.3900000e+03 9.6339694e-01
2.3900000e+03 2.4000000e+03 9.6609209e-01
2.4000000e+03 2.4100000e+03 9.9178875e-01
2.4100000e+03 2.4200000e+03 9.8258234e-01
2.4200000e+03 2.4300000e+03 1.0128874e+00
2.4300000e+03 2.4400000e+03 1.0091870e+00
2.4400000e+03 2.4500000e+03 1.0096886e+00
2.4500000e+03 2.4600000e+03 1.0077326e+00
2.4600000e+03 2.4700000e+03 1.0100246e+00
2.4700000e+03 2.4800000e+03 9.9378538e-01
2.4800000e+03 2.4900000e+03 9.8078834e-01
2.4900000e+03 2.5000000e+03 9.8769487e-01
2.5000000e+03 2.5100000e+03 1.0066661e+00
2.5100000e+03 2.5200000e+03 1.0038282e+00
2.5200000e+03 2.5300000e+03 9.9872936e-01
2.5300000e+03 2.5400000e+03 9.8435512e-01
2.5400000e+03 2.5500000e+03 9.7543765e-01
2.5500000e+03 2.5600000e+03 9.8169940e-01
2.5600000e+03 2.5700000e+03 9.6831990e-01
2.5700000e+03 2.5800000e+03 9.9749012e-01
2.5800000e+03 2.5900000e+03 9.8841158e-01
2.5900000e+03 2.6000000e+03 9.7995772e-01
2.6000000e+03 2.6100000e+03 9.8560803e-01
2.6100000e+03 2.6200000e+03 9.7045845e-01
2.6200000e+03 2.6300000e+03 9.9044034e-01
2.6300000e+03 2.6400000e+03 1.0042395e+00
2.6400000e+03 2.6500000e+03 1.0117391e+00
2.6500000e+03 2.6600000e+03 1.0064650e+00
2.6600000e+03 2.6700000e+03 1.0099637e+00
2.6700000e+03 2.6800000e+03 1.0143732e+00
2.6800000e+03 2.6900000e+03 1.0167223e+00
2.6900000e+03 2.7000000e+03 1.0083934e+00
2.7000000e+03 2.7100000e+03 1.0048288e+00
2.7100000e+03 2.7200000e+03 9.9651414e-01
2.7200000e+03 2.7300000e+03 1.0033292e+00
2.7300000e+03 2.7400000e+03 9.9012295e-01
2.7400000e+03 2.7500000e+03 9.8655661e-01
2.7500000e+03 2.7600000e+03 9.9715630e-01
2.7600000e+03 2.7700000e+03 1.0043319e+00
2.7700000e+03 2.7800000e+03 1.0039810e+00
2.7800000e+03 2.7900000e+03 9.9707135e-01
2.7900000e+03 2.8000000e+03 9.9111307e-01
2.8000000e+03 2.8100000e+03 9.8526460e-01
2.8100000e+03 2.8200000e+03 9.9592248e-01
2.8200000e+03 2.8300000e+03 1.0011762e+00
2.8300000e+03 2.8400000e+03 1.0072105e+00
2.8400000e+03 2.8500000e+03 9.8891335e-01
2.8500000e+03 2.8600000e+03 9.8669939e-01
2.8600000e+03 2.8700000e+03 1.0063872e+00
2.8700000e+03 2.8800000e+03 1.0105723e+00
2.8800000e+03 2.8900000e+03 1.0152663e+00
2.8900000e+03 2.9000000e+03 9.9655059e-01
2.9000000e+03 2.9100000e+03 9.9024132e-01
2.9100000e+03 2.9200000e+03 1.0007062e+00
2.9200000e+03 2.9300000e+03 1.0074020e+00
2.9300000e+03 2.9400000e+03 9.9987273e-01
2.9400000e+03 2.9500000e+03 1.0021747e+00
2.9500000e+03 2.9600000e+03 1.0048340e+00
2.9600000e+03 2.9700000e+03 1.0021781e+00
2.9700000e+03 2.9800000e+03 1.0027495e+00
2.9800000e+03 2.9900000e+03 1.0041214e+00
2.9900000e+03 3.0000000e+03 9.9674664e-01
3.0000000e+03 3.0100000e+03 9.9384069e-01
3.0100000e+03 3.0200000e+03 9.9716620e-01
3.0200000e+03 3.0300000e+03 9.9280903e-01
3.0300000e+03 3.0400000e+03 1.0034861e+00
3.0400000e+03 3.0500000e+03 1.0012615e+00
3.0500000e+03 3.0600000e+03 9.9960295e-01
3.0600000e+03 3.0700000e+03 9.9976907e-01
3.0700000e+03 3.0800000e+03 1.0013808e+00
3.0800000e+03 3.0900000e+03 9.9679596e-01
3.0900000e+03 3.1000000e+03 9.9959977e-01
3.1000000e+03 3.1100000e+03 9.9971509e-01
3.1100000e+03 3.1200000e+03 1.0031374e+00
3.1200000e+03 3.1300000e+03 1.0022110e+00
3.1300000e+03 3.1400000e+03 1.0036522e+00
3.1400000e+03 3.1500000e+03 9.9843708e-01
3.1500000e+03 3.1600000e+03 9.9949956e-01
3.1600000e+03 3.1700000e+03 1.0041672e+00
3.1700000e+03 3.1800000e+03 1.0030981e+00
3.1800000e+03 3.1900000e+03 1.0008203e+00
3.1900000e+03 3.2000000e+03 9.9973208e-01
3.2000000e+03 3.2100000e+03 1.0006714e+00
3.2100000e+03 3.2200000e+03 9.9603168e-01
3.2200000e+03 3.2300000e+03 9.9971383e-01
3.2300000e+03 3.2400000e+03 9.9960530e-01
3.2400000e+03 3.2500000e+03 9.9878818e-01
3.2500000e+03 3.2600000e+03 9.9698582e-01
3.2600000e+03 3.2700000e+03 9.9867180e-01
3.2700000e+03 3.2800000e+03 9.9837365e-01
3.2800000e+03 3.2900000e+03 9.9887393e-01
3.2900000e+03 3.3000000e+03 9.9406932e-01
3.3000000e+03 3.3100000e+03 9.9404296e-01
3.3100000e+03 3.3200000e+03 9.9473037e-01
3.3200000e+03 3.3300000e+03 9.9668815e-01
3.3300000e+03 3.3400000e+03 9.9778010e-01
3.3400000e+03 3.3500000e+03 9.9611849e-01
3.3500000e+03 3.3600000e+03 9.9835291e-01
3.3600000e+03 3.3700000e+03 9.9656587e-01
3.3700000e+03 3.3800000e+03 9.9634730e-01
3.3800000e+03 3.3900000e+03 9.9663495e-01
3.3900000e+03 3.4000000e+03 9.9723839e-01
3.4000000e+03 3.4100000e+03 9.9706111e-01
3.4100000e+03 3.4200000e+03 9.9611383e-01
3.4200000e+03 3.4300000e+03 9.9581643e-01
3.4300000e+03 3.4400000e+03 9.9403596e-01
3.4400000e+03 3.4500000e+03 9.9568879e-01
3.4500000e+03 3.4600000e+03 9.9403394e-01
3.4600000e+03 3.4700000e+03 9.9774713e-01
3.4700000e+03 3.4800000e+03 9.9640487e-01
3.4800000e+03 3.4900000e+03 9.9158944e-01
3.4900000e+03 3.5000000e+03 9.9607686e-01
3.5000000e+03 3.5100000e+03 9.9362478e-01
3.5100000e+03 3.5200000e+03 9.9228461e-01
3.5200000e+03 3.5300000e+03 9.9330958e-01
3.5300000e+03 3.5400000e+03 9.9391588e-01
3.5400000e+03 3.5500000e+03 9.9067207e-01
3.5500000e+03 3.5600000e+03 9.9394713e-01
3.5600000e+03 3.5700000e+03 9.9336419e-01
3.5700000e+03 3.5800000e+03 9.9848866e-01
3.5800000e+03 3.5900000e+03 9.9391281e-01
3.5900000e+03 3.6000000e+03 9.9283206e-01
3.6000000e+03 3.6100000e+03 9.9572922e-01
3.6100000e+03 3.6200000e+03 9.9659553e-01
3.6200000e+03 3.6300000e+03 9.9201848e-01
3.6300000e+03 3.6400000e+03 9.9600300e-01
3.6400000e+03 3.6500000e+03 9.6921287e-01
3.6500000e+03 3.6600000e+03 9.9148661e-01
3.6600000e+03 3.6700000e+03 9.9319841e-01
3.6700000e+03 3.6800000e+03 9.9087254e-01
3.6800000e+03 3.6900000e+03 9.8953872e-01
3.6900000e+03 3.7000000e+03 9.9421970e-01
3.7000000e+03 3.7100000e+03 9.8400455e-01
3.7100000e+03 3.7200000e+03 9.5462800e-01
3.7200000e+03 3.7300000e+03 9.0856411e-01
3.7300000e+03 3.7400000e+03 9.6094270e-01
3.7400000e+03 3.7500000e+03 1.0017517e+00
3.7500000e+03 3.7600000e+03 9.0430324e-01
3.7600000e+03 3.7700000e+03 1.0455234e+00
3.7700000e+03 3.7800000e+03 8.8463602e-01
3.7800000e+03 3.7900000e+03 9.9459550e-01
3.7900000e+03 3.8000000e+03 1.1070559e+00
3.8000000e+03 3.8100000e+03 9.7451664e-01
3.8100000e+03 3.8200000e+03 9.9707259e-01
3.8200000e+03 3.8300000e+03 1.0036120e+00
3.8300000e+03 3.8400000e+03 1.1034200e+00
3.8400000e+03 3.8500000e+03 9.8364750e-01
3.8500000e+03 3.8600000e+03 1.0005495e+00
3.8600000e+03 3.8700000e+03 9.9917445e-01
3.8700000e+03 3.8800000e+03 1.0083445e+00
3.8800000e+03 3.8900000e+03 1.1191284e+00
3.8900000e+03 3.9000000e+03 9.4705865e-01
3.9000000e+03 3.9100000e+03 9.9614697e-01
3.9100000e+03 3.9200000e+03 9.9129553e-01
3.9200000e+03 3.9300000e+03 9.9554047e-01
3.9300000e+03 3.9400000e+03 9.8296474e-01
3.9400000e+03 3.9500000e+03 9.9201472e-01
3.9500000e+03 3.9600000e+03 9.9274847e-01
3.9600000e+03 3.9700000e+03 9.8711504e-01
3.9700000e+03 3.9800000e+03 8.4923526e-01
3.9800000e+03 3.9900000e+03 9.8751319e-01
3.9900000e+03 4.0000000e+03 9.9157739e-01
4.0000000e+03 4.0100000e+03 9.9043636e-01
4.0100000e+03 4.0200000e+03 9.9031526e-01
4.0200000e+03 4.0300000e+03 9.9004377e-01
4.0300000e+03 4.0400000e+03 9.9047617e-01
4.0400000e+03 4.0500000e+03 9.8910798e-01
4.0500000e+03 4.0600000e+03 9.9285689e-01
4.0600000e+03 4.0700000e+03 9.8779812e-01
4.0700000e+03 4.0800000e+03 9.9219191e-01
4.0800000e+03 4.0900000e+03 9.9216362e-01
4.0900000e+03 4.1000000e+03 1.0156355e+00
4.1000000e+03 4.1100000e+03 9.0877441e-01
4.1100000e+03 4.1200000e+03 9.8491598e-01
4.1200000e+03 4.1300000e+03 9.9039756e-01
4.1300000e+03 4.1400000e+03 9.8800145e-01
4.1400000e+03 4.1500000e+03 9.8349894e-01
4.1500000e+03 4.1600000e+03 9.8674781e-01
4.1600000e+03 4.1700000e+03 9.8545740e-01
4.1700000e+03 4.1800000e+03 9.9228996e-01
4.1800000e+03 4.1900000e+03 9.8500830e-01
4.1900000e+03 4.2000000e+03 9.9158641e-01
4.2000000e+03 4.2100000e+03 9.8587717e-01
4.2100000e+03 4.2200000e+03 9.8516940e-01
4.2200000e+03 4.2300000e+03 9.8610457e-01
4.2300000e+03 4.2400000e+03 9.8880987e-01
4.2400000e+03 4.2500000e+03 9.8417871e-01
4.2500000e+03 4.2600000e+03 9.8615272e-01
4.2600000e+03 4.2700000e+03 9.8514803e-01
4.2700000e+03 4.2800000e+03 9.8381453e-01
4.2800000e+03 4.2900000e+03 9.8909470e-01
4.2900000e+03 4.3000000e+03 9.9223327e-01
4.3000000e+03 4.3100000e+03 9.9217137e-01
4.3100000e+03 4.3200000e+03 9.7757240e-01
4.3200000e+03 4.3300000e+03 9.8851689e-01
4.3300000e+03 4.3400000e+03 1.0173673e+00
4.3400000e+03 4.3500000e+03 9.2104584e-01
4.3500000e+03 4.3600000e+03 9.8264008e-01
4.3600000e+03 4.3700000e+03 9.5901623e-01
4.3700000e+03 4.3800000e+03 9.7733336e-01
4.3800000e+03 4.3900000e+03 9.8654641e-01
4.3900000e+03 4.4000000e+03 9.7459146e-01
4.4000000e+03 4.4100000e+03 9.8688542e-01
4.4100000e+03 4.4200000e+03 9.7609456e-01
4.4200000e+03 4.4300000e+03 9.7565053e-01
4.4300000e+03 4.4400000e+03 9.9101698e-01
4.4400000e+03 4.4500000e+03 9.8209439e-01
4.4500000e+03 4.4600000e+03 9.8734838e-01
4.4600000e+03 4.4700000e+03 9.8491468e-01
4.4700000e+03 4.4800000e+03 9.6830331e-01
4.4800000e+03 4.4900000e+03 9.8110727e-01
4.4900000e+03 4.5000000e+03 9.7489374e-01
4.5000000e+03 4.5100000e+03 9.5781628e-01
4.5100000e+03 4.5200000e+03 9.7800094e-01
4.5200000e+03 4.5300000e+03 9.7881305e-01
4.5300000e+03 4.5400000e+03 9.8457874e-01
4.5400000e+03 4.5500000e+03 9.8687396e-01
4.5500000e+03 4.5600000e+03 9.6560395e-01
4.5600000e+03 4.5700000e+03 9.6862879e-01
4.5700000e+03 4.5800000e+03 9.6625839e-01
4.5800000e+03 4.5900000e+03 9.8767074e-01
4.5900000e+03 4.6000000e+03 9.7760550e-01
4.6000000e+03 4.6100000e+03 9.7249073e-01
4.6100000e+03 4.6200000e+03 9.8126456e-01
4.6200000e+03 4.6300000e+03 9.7060269e-01
4.6300000e+03 4.6400000e+03 9.8367269e-01
4.6400000e+03 4.6500000e+03 9.6407728e-01
4.6500000e+03 4.6600000e+03 9.6709496e-01
4.6600000e+03 4.6700000e+03 9.8453665e-01
4.6700000e+03 4.6800000e+03 9.6075815e-01
4.6800000e+03 4.6900000e+03 9.8260859e-01
4.6900000e+03 4.7000000e+03 9.8209364e-01
4.7000000e+03 4.7100000e+03 9.8448239e-01
4.7100000e+03 4.7200000e+03 9.7265613e-01
4.7200000e+03 4.7300000e+03 9.8476960e-01
4.7300000e+03 4.7400000e+03 9.7659144e-01
4.7400000e+03 4.7500000e+03 9.7194619e-01
4.7500000e+03 4.7600000e+03 9.6180648e-01
4.7600000e+03 4.7700000e+03 9.7680029e-01
4.7700000e+03 4.7800000e+03 9.7515969e-01
4.7800000e+03 4.7900000e+03 9.6813501e-01
4.7900000e+03 4.8000000e+03 9.9206919e-01
4.8000000e+03 4.8100000e+03 9.8490764e-01
4.8100000e+03 4.8200000e+03 9.8171014e-01
4.8200000e+03 4.8300000e+03 9.5601423e-01
4.8300000e+03 4.8400000e+03 9.7407137e-01
4.8400000e+03 4.8500000e+03 9.7407925e-01
4.8500000e+03 4.8600000e+03 9.8057247e-01
4.8600000e+03 4.8700000e+03 9.3936882e-01
4.8700000e+03 4.8800000e+03 9.7274598e-01
4.8800000e+03 4.8900000e+03 9.8866199e-01
4.8900000e+03 4.9000000e+03 9.5128018e-01
4.9000000e+03 4.9100000e+03 9.5995832e-01
4.9100000e+03 4.9200000e+03 9.7774581e-01
4.9200000e+03 4.9300000e+03 9.6336460e-01
4.9300000e+03 4.9400000e+03 9.7804290e-01
4.9400000e+03 4.9500000e+03 9.6534190e-01
4.9500000e+03 4.9600000e+03 9.5905036e-01
4.9600000e+03 4.9700000e+03 9.7081399e-01
4.9700000e+03 4.9800000e+03 9.7522043e-01
4.9800000e+03 4.9900000e+03 9.8605051e-01
4.9900000e+03 5.0000000e+03 9.7098026e-01
5.0000000e+03 5.0100000e+03 9.8475485e-01
5.0100000e+03 5.0200000e+03 9.8294389e-01
5.0200000e+03 5.0300000e+03 9.8630744e-01
5.0300000e+03 5.0400000e+03 9.8159788e-01
5.0400000e+03 5.0500000e+03 9.8017794e-01
5.0500000e+03 5.0600000e+03 9.4351359e-01
5.0600000e+03 5.0700000e+03 9.6459029e-01
5.0700000e+03 5.0800000e+03 9.7755826e-01
5.0800000e+03 5.0900000e+03 9.8325766e-01
5.0900000e+03 5.1000000e+03 9.7625422e-01
5.1000000e+03 5.1100000e+03 9.5989904e-01
5.1100000e+03 5.1200000e+03 9.3874295e-01
5.1200000e+03 5.1300000e+03 9.7669303e-01
5.1300000e+03 5.1400000e+03 9.7066241e-01
5.1400000e+03 5.1500000e+03 9.7793446e-01
5.1500000e+03 5.1600000e+03 9.7146749e-01
5.1600000e+03 5.1700000e+03 9.8531956e-01
5.1700000e+03 5.1800000e+03 9.7860685e-01
5.1800000e+03 5.1900000e+03 9.7715738e-01
5.1900000e+03 5.2000000e+03 9.8031003e-01
5.2000000e+03 5.2100000e+03 9.7913874e-01
5.2100000e+03 5.2200000e+03 9.6080339e-01
5.2200000e+03 5.2300000e+03 9.7420464e-01
5.2300000e+03 5.2400000e+03 9.5736111e-01
5.2400000e+03 5.2500000e+03 9.6088125e-01
5.2500000e+03 5.2600000e+03 9.8358988e-01
5.2600000e+03 5.2700000e+03 9.8682923e-01
5.2700000e+03 5.2800000e+03 9.6987164e-01
5.2800000e+03 5.2900000e+03 9.5796490e-01
5.2900000e+03 5.3000000e+03 9.7013727e-01
5.3000000e+03 5.3100000e+03 9.4998362e-01
5.3100000e+03 5.3200000e+03 9.7237643e-01
5.3200000e+03 5.3300000e+03 9.7838721e-01
5.3300000e+03 5.3400000e+03 9.7529849e-01
5.3400000e+03 5.3500000e+03 9.6440470e-01
5.3500000e+03 5.3600000e+03 9.7527895e-01
5.3600000e+03 5.3700000e+03 9.5748041e-01
5.3700000e+03 5.3800000e+03 9.4224284e-01
5.3800000e+03 5.3900000e+03 9.5157124e-01
5.3900000e+03 5.4000000e+03 9.5391424e-01
5.4000000e+03 5.4100000e+03 9.7564525e-01
5.4100000e+03 5.4200000e+03 9.5596042e-01
5.4200000e+03 5.4300000e+03 9.5715612e-01
5.4300000e+03 5.4400000e+03 9.4286923e-01
5.4400000e+03 5.4500000e+03 9.3780530e-01
5.4500000e+03 5.4600000e+03 9.3166683e-01
5.4600000e+03 5.4700000e+03 9.5682699e-01
5.4700000e+03 5.4800000e+03 9.5468596e-01
5.4800000e+03 5.4900000e+03 9.7564767e-01
5.4900000e+03 5.5000000e+03 9.4823178e-01
5.5000000e+03 5.5100000e+03 9.4620299e-01
5.5100000e+03 5.5200000e+03 9.7709375e-01
5.5200000e+03 5.5300000e+03 9.6133055e-01
5.5300000e+03 5.5400000e+03 9.7924293e-01
5.5400000e+03 5.5500000e+03 9.8016908e-01
5.5500000e+03 5.5600000e+03 9.7936828e-01
5.5600000e+03 5.5700000e+03 9.7110412e-01
5.5700000e+03 5.5800000e+03 9.5012459e-01
5.5800000e+03 5.5900000e+03 9.6039413e-01
5.5900000e+03 5.6000000e+03 9.7189558e-01
5.6000000e+03 5.6100000e+03 9.5083771e-01
5.6100000e+03 5.6200000e+03 9.4851901e-01
5.6200000e+03 5.6300000e+03 9.5619417e-01
5.6300000e+03 5.6400000e+03 9.7639551e-01
5.6400000e+03 5.6500000e+03 9.7535822e-01
5.6500000e+03 5.6600000e+03 9.7723452e-01
5.6600000e+03 5.6700000e+03 9.7955307e-01
5.6700000e+03 5.6800000e+03 9.7243849e-01
5.6800000e+03 5.6900000e+03 9.7481334e-01
5.6900000e+03 5.7000000e+03 9.8844994e-01
5.7000000e+03 5.7100000e+03 9.7759687e-01
5.7100000e+03 5.7200000e+03 9.7368123e-01
5.7200000e+03 5.7300000e+03 9.9225167e-01
5.7300000e+03 5.7400000e+03 9.9318282e-01
5.7400000e+03 5.7500000e+03 9.8805902e-01
5.7500000e+03 5.7600000e+03 9.7626130e-01
5.7600000e+03 5.7700000e+03 9.6261448e-01
5.7700000e+03 5.7800000e+03 9.8977292e-01
5.7800000e+03 5.7900000e+03 9.8456157e-01
5.7900000e+03 5.8000000e+03 9.7401079e-01
5.8000000e+03 5.8100000e+03 9.9108819e-01
5.8100000e+03 5.8200000e+03 9.8417529e-01
5.8200000e+03 5.8300000e+03 9.9789487e-01
5.8300000e+03 5.8400000e+03 9.9400992e-01
5.8400000e+03 5.8500000e+03 9.9177000e-01
5.8500000e+03 5.8600000e+03 9.5775456e-01
5.8600000e+03 5.8700000e+03 9.5558478e-01
5.8700000e+03 5.8800000e+03 9.9863571e-01
5.8800000e+03 5.8900000e+03 9.4287383e-01
5.8900000e+03 5.9000000e+03 9.6780509e-01
5.9000000e+03 5.9100000e+03 9.8747387e-01
5.9100000e+03 5.9200000e+03 9.5692177e-01
5.9200000e+03 5.9300000e+03 9.8624163e-01
5.9300000e+03 5.9400000e+03 9.5872206e-01
5.9400000e+03 5.9500000e+03 9.8554569e-01
5.9500000e+03 5.9600000e+03 9.8405907e-01
5.9600000e+03 5.9700000e+03 9.9646533e-01
5.9700000e+03 5.9800000e+03 9.5464343e-01
5.9800000e+03 5.9900000e+03 9.7160038e-01
5.9900000e+03 6.0000000e+03 9.9053735e-01
6.0000000e+03 6.0100000e+03 9.6859325e-01
6.0100000e+03 6.0200000e+03 9.7328600e-01
6.0200000e+03 6.0300000e+03 9.6501087e-01
6.0300000e+03 6.0400000e+03 9.9904122e-01
6.0400000e+03 6.0500000e+03 9.9976460e-01
6.0500000e+03 6.0600000e+03 9.8076267e-01
6.0600000e+03 6.0700000e+03 9.3167414e-01
6.0700000e+03 6.0800000e+03 9.7904109e-01
6.0800000e+03 6.0900000e+03 9.9450866e-01
6.0900000e+03 6.1000000e+03 9.9582231e-01
6.1000000e+03 6.1100000e+03 9.5645240e-01
6.1100000e+03 6.1200000e+03 9.9107780e-01
6.1200000e+03 6.1300000e+03 9.5015280e-01
6.1300000e+03 6.1400000e+03 9.5362444e-01
6.1400000e+03 6.1500000e+03 9.6177993e-01
6.1500000e+03 6.1600000e+03 9.7509694e-01
6.1600000e+03 6.1700000e+03 9.7703013e-01
6.1700000e+03 6.1800000e+03 9.7748318e-01
6.1800000e+03 6.1900000e+03 9.8739785e-01
6.1900000e+03 6.2000000e+03 9.4074524e-01
6.2000000e+03 6.2100000e+03 9.7498764e-01
6.2100000e+03 6.2200000e+03 9.6149192e-01
6.2200000e+03 6.2300000e+03 9.9398350e-01
6.2300000e+03 6.2400000e+03 9.5638096e-01
6.2400000e+03 6.2500000e+03 9.7708865e-01
6.2500000e+03 6.2600000e+03 9.6803427e-01
6.2600000e+03 6.2700000e+03 9.4946011e-01
6.2700000e+03 6.2800000e+03 9.7241882e-01
6.2800000e+03 6.2900000e+03 9.8508280e-01
6.2900000e+03 6.3000000e+03 9.7616452e-01
6.3000000e+03 6.3100000e+03 9.6265103e-01
6.3100000e+03 6.3200000e+03 9.7554201e-01
6.3200000e+03 6.3300000e+03 9.6938444e-01
6.3300000e+03 6.3400000e+03 9.5378882e-01
6.3400000e+03 6.3500000e+03 9.8997735e-01
6.3500000e+03 6.3600000e+03 9.7374949e-01
6.3600000e+03 6.3700000e+03 9.9707366e-01
6.3700000e+03 6.3800000e+03 9.9570062e-01
6.3800000e+03 6.3900000e+03 9.8828681e-01
6.3900000e+03 6.4000000e+03 9.3660379e-01
6.4000000e+03 6.4100000e+03 9.4545502e-01
6.4100000e+03 6.4200000e+03 9.6077258e-01
6.4200000e+03 6.4300000e+03 9.3713255e-01
6.4300000e+03 6.4400000e+03 9.4512180e-01
6.4400000e+03 6.4500000e+03 9.4874465e-01
6.4500000e+03 6.4600000e+03 9.8226485e-01
6.4600000e+03 6.4700000e+03 9.4882194e-01
6.4700000e+03 6.4800000e+03 9.5177699e-01
6.4800000e+03 6.4900000e+03 9.8012633e-01
6.4900000e+03 6.5000000e+03 9.7246311e-01
6.5000000e+03 6.5100000e+03 9.7645165e-01
6.5100000e+03 6.5200000e+03 9.9012307e-01
6.5200000e+03 6.5300000e+03 9.9843174e-01
6.5300000e+03 6.5400000e+03 9.9671422e-01
6.5400000e+03 6.5500000e+03 9.4333727e-01
6.5500000e+03 6.5600000e+03 9.9973542e-01
6.5600000e+03 6.5700000e+03 9.7829045e-01
6.5700000e+03 6.5800000e+03 9.8686458e-01
6.5800000e+03 6.5900000e+03 9.9326205e-01
6.5900000e+03 6.6000000e+03 9.5231239e-01
6.6000000e+03 6.6100000e+03 9.7376537e-01
6.6100000e+03 6.6200000e+03 9.9977726e-01
6.6200000e+03 6.6300000e+03 9.9862055e-01
6.6300000e+03 6.6400000e+03 9.8915780e-01
6.6400000e+03 6.6500000e+03 9.6905295e-01
6.6500000e+03 6.6600000e+03 9.9902014e-01
6.6600000e+03 6.6700000e+03 9.7859983e-01
6.6700000e+03 6.6800000e+03 9.3258506e-01
6.6800000e+03 6.6900000e+03 9.9862501e-01
6.6900000e+03 6.7000000e+03 9.9464745e-01
6.7000000e+03 6.7100000e+03 9.9614315e-01
6.7100000e+03 6.7200000e+03 9.7118796e-01
6.7200000e+03 6.7300000e+03 9.8976008e-01
6.7300000e+03 6.7400000e+03 9.9617478e-01
6.7400000e+03 6.7500000e+03 9.9872468e-01
6.7500000e+03 6.7600000e+03 9.7484583e-01
6.7600000e+03 6.7700000e+03 9.6870468e-01
6.7700000e+03 6.7800000e+03 9.9071285e-01
6.7800000e+03 6.7900000e+03 9.9644908e-01
6.7900000e+03 6.8000000e+03 9.9443612e-01
6.8000000e+03 6.8100000e+03 9.6891094e-01
6.8100000e+03 6.8200000e+03 9.9444578e-01
6.8200000e+03 6.8300000e+03 9.9099597e-01
6.8300000e+03 6.8400000e+03 9.9751698e-01
6.8400000e+03 6.8500000e+03 9.8455369e-01
6.8500000e+03 6.8600000e+03 9.8042891e-01
6.8600000e+03 6.8700000e+03 9.6480972e-01
6.8700000e+03 6.8800000e+03 9.9911888e-01
6.8800000e+03 6.8900000e+03 9.9418485e-01
6.8900000e+03 6.9000000e+03 9.9862466e-01
6.9000000e+03 6.9100000e+03 9.9931035e-01
6.9100000e+03 6.9200000e+03 9.8289088e-01
6.9200000e+03 6.9300000e+03 9.9019230e-01
6.9300000e+03 6.9400000e+03 9.9674571e-01
6.9400000e+03 6.9500000e+03 9.6130628e-01
6.9500000e+03 6.9600000e+03 9.9698919e-01
6.9600000e+03 6.9700000e+03 9.9829932e-01
6.9700000e+03 6.9800000e+03 9.8723032e-01
6.9800000e+03 6.9900000e+03 9.9816949e-01
6.9900000e+03 7.0000000e+03 9.9339000e-01
7.0000000e+03 7.0100000e+03 9.9995068e-01
7.0100000e+03 7.0200000e+03 9.8892742e-01
7.0200000e+03 7.0300000e+03 9.9046214e-01
7.0300000e+03 7.0400000e+03 9.8887051e-01
7.0400000e+03 7.0500000e+03 9.9815810e-01
7.0500000e+03 7.0600000e+03 9.9878513e-01
7.0600000e+03 7.0700000e+03 9.9026173e-01
7.0700000e+03 7.0800000e+03 9.9762176e-01
7.0800000e+03 7.0900000e+03 9.9603997e-01
7.0900000e+03 7.1000000e+03 9.8820897e-01
7.1000000e+03 7.1100000e+03 9.9887971e-01
7.1100000e+03 7.1200000e+03 9.9684537e-01
7.1200000e+03 7.1300000e+03 9.5729775e-01
7.1300000e+03 7.1400000e+03 9.7508702e-01
7.1400000e+03 7.1500000e+03 9.4806225e-01
7.1500000e+03 7.1600000e+03 9.8776557e-01
7.1600000e+03 7.1700000e+03 9.6786430e-01
7.1700000e+03 7.1800000e+03 9.9232134e-01
7.1800000e+03 7.1900000e+03 9.6606434e-01
7.1900000e+03 7.2000000e+03 9.9298609e-01
7.2000000e+03 7.2100000e+03 9.6442685e-01
7.2100000e+03 7.2200000e+03 9.9547992e-01
7.2200000e+03 7.2300000e+03 9.7683414e-01
7.2300000e+03 7.2400000e+03 9.9435728e-01
7.2400000e+03 7.2500000e+03 9.9184413e-01
7.2500000e+03 7.2600000e+03 9.9194830e-01
7.2600000e+03 7.2700000e+03 9.8706232e-01
7.2700000e+03 7.2800000e+03 9.9079471e-01
7.2800000e+03 7.2900000e+03 9.7779035e-01
7.2900000e+03 7.3000000e+03 9.8698001e-01
7.3000000e+03 7.3100000e+03 9.8040812e-01
7.3100000e+03 7.3200000e+03 9.8858194e-01
7.3200000e+03 7.3300000e+03 9.5472183e-01
7.3300000e+03 7.3400000e+03 9.9635898e-01
7.3400000e+03 7.3500000e+03 9.9917235e-01
7.3500000e+03 7.3600000e+03 9.8208694e-01
7.3600000e+03 7.3700000e+03 9.9592113e-01
7.3700000e+03 7.3800000e+03 9.9715879e-01
7.3800000e+03 7.3900000e+03 9.8098865e-01
7.3900000e+03 7.4000000e+03 9.8590785e-01
7.4000000e+03 7.4100000e+03 9.7863877e-01
7.4100000e+03 7.4200000e+03 9.7475124e-01
7.4200000e+03 7.4300000e+03 9.6949220e-01
7.4300000e+03 7.4400000e+03 9.9842619e-01
7.4400000e+03 7.4500000e+03 9.6484006e-01
7.4500000e+03 7.4600000e+03 9.9853314e-01
7.4600000e+03 7.4700000e+03 9.6853558e-01
7.4700000e+03 7.4800000e+03 9.9797880e-01
7.4800000e+03 7.4900000e+03 9.9873089e-01
7.4900000e+03 7.5000000e+03 9.5534759e-01
7.5000000e+03 7.5100000e+03 9.9895964e-01
7.5100000e+03 7.5200000e+03 9.4242645e-01
7.5200000e+03 7.5300000e+03 9.6924671e-01
7.5300000e+03 7.5400000e+03 9.9414122e-01
7.5400000e+03 7.5500000e+03 9.9972579e-01
7.5500000e+03 7.5600000e+03 9.6419159e-01
7.5600000e+03 7.5700000e+03 9.8289314e-01
7.5700000e+03 7.5800000e+03 9.8133588e-01
7.5800000e+03 7.5900000e+03 9.6550483e-01
7.5900000e+03 7.6000000e+03 9.9954735e-01
7.6000000e+03 7.6100000e+03 9.9845835e-01
7.6100000e+03 7.6200000e+03 9.6033976e-01
7.6200000e+03 7.6300000e+03 9.8810701e-01
7.6300000e+03 7.6400000e+03 9.9973974e-01
7.6400000e+03 7.6500000e+03 9.9946593e-01
7.6500000e+03 7.6600000e+03 9.8060493e-01
7.6600000e+03 7.6700000e+03 9.6546781e-01
7.6700000e+03 7.6800000e+03 9.9961759e-01
7.6800000e+03 7.6900000e+03 9.9003748e-01
7.6900000e+03 7.7000000e+03 9.8369354e-01
7.7000000e+03 7.7100000e+03 9.9986586e-01
7.7100000e+03 7.7200000e+03 9.7470334e-01
7.7200000e+03 7.7300000e+03 9.7642612e-01
7.7300000e+03 7.7400000e+03 9.9954999e-01
7.7400000e+03 7.7500000e+03 9.7138453e-01
7.7500000e+03 7.7600000e+03 9.9622686e-01
7.7600000e+03 7.7700000e+03 9.9974571e-01
7.7700000e+03 7.7800000e+03 9.9326376e-01
7.7800000e+03 7.7900000e+03 9.8202601e-01
7.7900000e+03 7.8000000e+03 9.7489937e-01
7.8000000e+03 7.8100000e+03 9.9400053e-01
7.8100000e+03 7.8200000e+03 9.9636175e-01
7.8200000e+03 7.8300000e+03 9.8763907e-01
7.8300000e+03 7.8400000e+03 9.5838327e-01
7.8400000e+03 7.8500000e+03 9.9798799e-01
7.8500000e+03 7.8600000e+03 9.5737546e-01
7.8600000e+03 7.8700000e+03 9.9867245e-01
7.8700000e+03 7.8800000e+03 9.9918680e-01
7.8800000e+03 7.8900000e+03 9.9906627e-01
7.8900000e+03 7.9000000e+03 9.9912807e-01
7.9000000e+03 7.9100000e+03 9.9830084e-01
7.9100000e+03 7.9200000e+03 9.8903504e-01
7.9200000e+03 7.9300000e+03 9.9966202e-01
7.9300000e+03 7.9400000e+03 9.6348692e-01
7.9400000e+03 7.9500000e+03 9.6075672e-01
7.9500000e+03 7.9600000e+03 9.9749386e-01
7.9600000e+03 7.9700000e+03 9.9964320e-01
7.9700000e+03 7.9800000e+03 9.9824930e-01
7.9800000e+03 7.9900000e+03 9.9962787e-01
7.9900000e+03 8.0000000e+03 9.4886153e-01
8.0000000e+03 8.0100000e+03 9.9885503e-01
8.0100000e+03 8.0200000e+03 9.9931722e-01
8.0200000e+03 8.0300000e+03 9.8495604e-01
8.0300000e+03 8.0400000e+03 9.9698885e-01
8.0400000e+03 8.0500000e+03 9.6255478e-01
8.0500000e+03 8.0600000e+03 9.9767953e-01
8.0600000e+03 8.0700000e+03 9.9972283e-01
8.0700000e+03 8.0800000e+03 9.9788251e-01
8.0800000e+03 8.0900000e+03 9.6160420e-01
8.0900000e+03 8.1000000e+03 9.8662972e-01
8.1000000e+03 8.1100000e+03 9.9961918e-01
8.1100000e+03 8.1200000e+03 9.9931025e-01
8.1200000e+03 8.1300000e+03 9.9964116e-01
8.1300000e+03 8.1400000e+03 9.9990630e-01
8.1400000e+03 8.1500000e+03 9.9956315e-01
8.1500000e+03 8.1600000e+03 9.9952059e-01
8.1600000e+03 8.1700000e+03 9.9485334e-01
8.1700000e+03 8.1800000e+03 9.9760167e-01
8.1800000e+03 8.1900000e+03 9.9412384e-01
8.1900000e+03 8.2000000e+03 9.7619025e-01
8.2000000e+03 8.2100000e+03 9.8757962e-01
8.2100000e+03 8.2200000e+03 9.7551869e-01
8.2200000e+03 8.2300000e+03 9.4534577e-01
8.2300000e+03 8.2400000e+03 9.7814668e-01
8.2400000e+03 8.2500000e+03 9.8521803e-01
8.2500000e+03 8.2600000e+03 9.9786701e-01
8.2600000e+03 8.2700000e+03 9.9849982e-01
8.2700000e+03 8.2800000e+03 9.9909142e-01
8.2800000e+03 8.2900000e+03 9.9987457e-01
8.2900000e+03 8.3000000e+03 9.9002645e-01
8.3000000e+03 8.3100000e+03 9.8820630e-01
8.3100000e+03 8.3200000e+03 9.9155614e-01
8.3200000e+03 8.3300000e+03 9.3763723e-01
8.3300000e+03 8.3400000e+03 9.8457571e-01
8.3400000e+03 8.3500000e+03 9.8691837e-01
8.3500000e+03 8.3600000e+03 9.9866568e-01
8.3600000e+03 8.3700000e+03 9.8449193e-01
8.3700000e+03 8.3800000e+03 9.9810877e-01
8.3800000e+03 8.3900000e+03 9.4701041e-01
8.3900000e+03 8.4000000e+03 9.9813232e-01
8.4000000e+03 8.4100000e+03 9.9706518e-01
8.4100000e+03 8.4200000e+03 9.8730162e-01
8.4200000e+03 8.4300000e+03 9.9151359e-01
8.4300000e+03 8.4400000e+03 9.8056959e-01
8.4400000e+03 8.4500000e+03 9.9543448e-01
8.4500000e+03 8.4600000e+03 9.9823587e-01
8.4600000e+03 8.4700000e+03 9.4587385e-01
8.4700000e+03 8.4800000e+03 9.9434960e-01
8.4800000e+03 8.4900000e+03 9.9548136e-01
8.4900000e+03 8.5000000e+03 9.7108390e-01
8.5000000e+03 8.5100000e+03 9.9521646e-01
8.5100000e+03 8.5200000e+03 9.5459167e-01
8.5200000e+03 8.5300000e+03 9.8218447e-01
8.5300000e+03 8.5400000e+03 9.9742053e-01
8.5400000e+03 8.5500000e+03 9.8663007e-01
8.5500000e+03 8.5600000e+03 9.8439979e-01
8.5600000e+03 8.5700000e+03 9.9985982e-01
8.5700000e+03 8.5800000e+03 9.9932816e-01
8.5800000e+03 8.5900000e+03 9.7487263e-01
8.5900000e+03 8.6000000e+03 9.9528765e-01
8.6000000e+03 8.6100000e+03 9.9864269e-01
8.6100000e+03 8.6200000e+03 9.6330021e-01
8.6200000e+03 8.6300000e+03 9.6747035e-01
8.6300000e+03 8.6400000e+03 9.9814235e-01
8.6400000e+03 8.6500000e+03 9.8727067e-01
8.6500000e+03 8.6600000e+03 9.9935940e-01
8.6600000e+03 8.6700000e+03 9.8327967e-01
8.6700000e+03 8.6800000e+03 9.5424612e-01
8.6800000e+03 8.6900000e+03 9.5549139e-01
8.6900000e+03 8.7000000e+03 9.8448024e-01
8.7000000e+03 8.7100000e+03 9.9926857e-01
8.7100000e+03 8.7200000e+03 9.9112537e-01
8.7200000e+03 8.7300000e+03 9.9337913e-01
8.7300000e+03 8.7400000e+03 9.7540399e-01
8.7400000e+03 8.7500000e+03 9.9072133e-01
8.7500000e+03 8.7600000e+03 9.5948375e-01
8.7600000e+03 8.7700000e+03 9.9911480e-01
8.7700000e+03 8.7800000e+03 9.8371904e-01
8.7800000e+03 8.7900000e+03 9.9905382e-01
8.7900000e+03 8.8000000e+03 9.7292278e-01
8.8000000e+03 8.8100000e+03 9.6667060e-01
8.8100000e+03 8.8200000e+03 9.9632400e-01
8.8200000e+03 8.8300000e+03 9.4118297e-01
8.8300000e+03 8.8400000e+03 9.5643701e-01
8.8400000e+03 8.8500000e+03 9.9369834e-01
8.8500000e+03 8.8600000e+03 9.9996369e-01
8.8600000e+03 8.8700000e+03 9.6763706e-01
8.8700000e+03 8.8800000e+03 9.9721857e-01
8.8800000e+03 8.8900000e+03 9.9956595e-01
8.8900000e+03 8.9000000e+03 9.9434669e-01
8.9000000e+03 8.9100000e+03 9.9943913e-01
8.9100000e+03 8.9200000e+03 9.8664575e-01
8.9200000e+03 8.9300000e+03 9.8935341e-01
8.9300000e+03 8.9400000e+03 9.9920100e-01
8.9400000e+03 8.9500000e+03 9.8076551e-01
8.9500000e+03 8.9600000e+03 9.9905160e-01
8.9600000e+03 8.9700000e+03 9.9567282e-01
8.9700000e+03 8.9800000e+03 9.8973953e-01
8.9800000e+03 8.9900000e+03 9.9744847e-01
8.9900000e+03 9.0000000e+03 9.4765569e-01
9.0000000e+03 9.0100000e+03 9.8248304e-01
9.0100000e+03 9.0200000e+03 9.7866862e-01
9.0200000e+03 9.0300000e+03 9.8999765e-01
9.0300000e+03 9.0400000e+03 9.9793292e-01
9.0400000e+03 9.0500000e+03 9.9980587e-01
9.0500000e+03 9.0600000e+03 9.9841825e-01
9.0600000e+03 9.0700000e+03 9.8728436e-01
9.0700000e+03 9.0800000e+03 9.8842128e-01
9.0800000e+03 9.0900000e+03 9.6898913e-01
9.0900000e+03 9.1000000e+03 9.7850778e-01
9.1000000e+03 9.1100000e+03 9.9781539e-01
9.1100000e+03 9.1200000e+03 9.7889048e-01
9.1200000e+03 9.1300000e+03 9.9978128e-01
9.1300000e+03 9.1400000e+03 9.9964574e-01
9.1400000e+03 9.1500000e+03 9.9505990e-01
9.1500000e+03 9.1600000e+03 9.9981482e-01
9.1600000e+03 9.1700000e+03 9.9632017e-01
9.1700000e+03 9.1800000e+03 9.9554227e-01
9.1800000e+03 9.1900000e+03 9.9971721e-01
9.1900000e+03 9.2000000e+03 9.9606084e-01
9.2000000e+03 9.2100000e+03 9.9571400e-01
9.2100000e+03 9.2200000e+03 0.0000000e+00
9.2200000e+03 9.2300000e+03 0.0000000e+00
9.2300000e+03 9.2400000e+03 0.0000000e+00
9.2400000e+03 9.2500000e+03 0.0000000e+00
9.2500000e+03 9.2600000e+03 0.0000000e+00
9.2600000e+03 9.2700000e+03 0.0000000e+00
9.2700000e+03 9.2800000e+03 0.0000000e+00
9.2800000e+03 9.2900000e+03 0.0000000e+00
9.2900000e+03 9.3000000e+03 0.0000000e+00
9.3000000e+03 9.3100000e+03 0.0000000e+00
9.3100000e+03 9.3200000e+03 0.0000000e+00
9.3200000e+03 9.3300000e+03 0.0000000e+00
9.3300000e+03 9.3400000e+03 0.0000000e+00
9.3400000e+03 9.3500000e+03 0.0000000e+00
9.3500000e+03 9.3600000e+03 0.0000000e+00
9.3600000e+03 9.3700000e+03 0.0000000e+00
9.3700000e+03 9.3800000e+03 0.0000000e+00
9.3800000e+03 9.3900000e+03 0.0000000e+00
9.3900000e+03 9.4000000e+03 0.0000000e+00
