8.5000000e+02 8.6000000e+02 0.0000000e+00
8.6000000e+02 8.7000000e+02 0.0000000e+00
8.7000000e+02 8.8000000e+02 0.0000000e+00
8.8000000e+02 8.9000000e+02 0.0000000e+00
8.9000000e+02 9.0000000e+02 0.0000000e+00
9.0000000e+02 9.1000000e+02 9.2348786e-01
9.1000000e+02 9.2000000e+02 1.0065083e+00
9.2000000e+02 9.3000000e+02 1.0004716e+00
9.3000000e+02 9.4000000e+02 1.0037207e+00
9.4000000e+02 9.5000000e+02 9.6221553e-01
9.5000000e+02 9.6000000e+02 9.7035556e-01
9.6000000e+02 9.7000000e+02 9.4334620e-01
9.7000000e+02 9.8000000e+02 9.9817271e-01
9.8000000e+02 9.9000000e+02 9.5614699e-01
9.9000000e+02 1.0000000e+03 9.6490799e-01
1.0000000e+03 1.0100000e+03 9.4872437e-01
1.0100000e+03 1.0200000e+03 9.8295529e-01
1.0200000e+03 1.0300000e+03 9.9784699e-01
1.0300000e+03 1.0400000e+03 9.2328683e-01
1.0400000e+03 1.0500000e+03 9.3248848e-01
1.0500000e+03 1.0600000e+03 9.7333883e-01
1.0600000e+03 1.0700000e+03 9.5369993e-01
1.0700000e+03 1.0800000e+03 9.4975508e-01
1.0800000e+03 1.0900000e+03 9.3419308e-01
1.0900000e+03 1.1000000e+03 9.6431063e-01
1.1000000e+03 1.1100000e+03 1.0296674e+00
1.1100000e+03 1.1200000e+03 9.7672451e-01
1.1200000e+03 1.1300000e+03 9.7757088e-01
1.1300000e+03 1.1400000e+03 9.7070270e-01
1.1400000e+03 1.1500000e+03 9.4092978e-01
1.1500000e+03 1.1600000e+03 1.0042475e+00
1.1600000e+03 1.1700000e+03 9.7135072e-01
1.1700000e+03 1.1800000e+03 9.6614308e-01
1.1800000e+03 1.1900000e+03 9.6930701e-01
1.1900000e+03 1.2000000e+03 9.7338170e-01
1.2000000e+03 1.2100000e+03 9.3387934e-01
1.2100000e+03 1.2200000e+03 9.9956246e-01
1.2200000e+03 1.2300000e+03 9.7356932e-01
1.2300000e+03 1.2400000e+03 9.7237473e-01
1.2400000e+03 1.2500000e+03 9.8902293e-01
1.2500000e+03 1.2600000e+03 9.7864542e-01
1.2600000e+03 1.2700000e+03 9.3964846e-01
1.2700000e+03 1.2800000e+03 9.6851096e-01
1.2800000e+03 1.2900000e+03 9.9980044e-01
1.2900000e+03 1.3000000e+03 9.7039772e-01
1.3000000e+03 1.3100000e+03 9.9447159e-01
1.3100000e+03 1.3200000e+03 9.7055794e-01
1.3200000e+03 1.3300000e+03 9.7716558e-01
1.3300000e+03 1.3400000e+03 9.7908593e-01
1.3400000e+03 1.3500000e+03 1.0576102e+00
1.3500000e+03 1.3600000e+03 9.8851259e-01
1.3600000e+03 1.3700000e+03 9.8213698e-01
1.3700000e+03 1.3800000e+03 9.8351416e-01
1.3800000e+03 1.3900000e+03 9.7399273e-01
1.3900000e+03 1.4000000e+03 9.5263187e-01
1.4000000e+03 1.4100000e+03 9.8587896e-01
1.4100000e+03 1.4200000e+03 9.7828907e-01
1.4200000e+03 1.4300000e+03 9.8158622e-01
1.4300000e+03 1.4400000e+03 9.8185240e-01
1.4400000e+03 1.4500000e+03 9.9483304e-01
1.4500000e+03 1.4600000e+03 9.8185253e-01
1.4600000e+03 1.4700000e+03 9.8833837e-01
1.4700000e+03 1.4800000e+03 9.8059100e-01
1.4800000e+03 1.4900000e+03 9.8123030e-01
1.4900000e+03 1.5000000e+03 9.7764710e-01
1.5000000e+03 1.5100000e+03 9.7274474e-01
1.5100000e+03 1.5200000e+03 9.8974429e-01
1.5200000e+03 1.5300000e+03 1.1200019e+00
1.5300000e+03 1.5400000e+03 9.6349534e-01
1.5400000e+03 1.5500000e+03 9.3994485e-01
1.5500000e+03 1.5600000e+03 9.6432340e-01
1.5600000e+03 1.5700000e+03 9.3782029e-01
1.5700000e+03 1.5800000e+03 9.8236020e-01
1.5800000e+03 1.5900000e+03 9.8358659e-01
1.5900000e+03 1.6000000e+03 9.7658253e-01
1.6000000e+03 1.6100000e+03 9.8652416e-01
1.6100000e+03 1.6200000e+03 9.8556281e-01
1.6200000e+03 1.6300000e+03 9.4853643e-01
1.6300000e+03 1.6400000e+03 9.7146189e-01
1.6400000e+03 1.6500000e+03 9.8007583e-01
1.6500000e+03 1.6600000e+03 9.9015154e-01
1.6600000e+03 1.6700000e+03 9.8732475e-01
1.6700000e+03 1.6800000e+03 9.9169181e-01
1.6800000e+03 1.6900000e+03 1.1599628e+00
1.6900000e+03 1.7000000e+03 9.8501212e-01
1.7000000e+03 1.7100000e+03 9.0163243e-01
1.7100000e+03 1.7200000e+03 1.0210379e+00
1.7200000e+03 1.7300000e+03 9.9417456e-01
1.7300000e+03 1.7400000e+03 9.9539512e-01
1.7400000e+03 1.7500000e+03 9.8481771e-01
1.7500000e+03 1.7600000e+03 9.8435700e-01
1.7600000e+03 1.7700000e+03 9.9267989e-01
1.7700000e+03 1.7800000e+03 9.3430296e-01
1.7800000e+03 1.7900000e+03 9.9912131e-01
1.7900000e+03 1.8000000e+03 9.6792969e-01
1.8000000e+03 1.8100000e+03 9.9922901e-01
1.8100000e+03 1.8200000e+03 9.9457535e-01
1.8200000e+03 1.8300000e+03 9.9322576e-01
1.8300000e+03 1.8400000e+03 9.9589024e-01
1.8400000e+03 1.8500000e+03 9.8692805e-01
1.8500000e+03 1.8600000e+03 9.9187562e-01
1.8600000e+03 1.8700000e+03 1.0358682e+00
1.8700000e+03 1.8800000e+03 9.9719959e-01
1.8800000e+03 1.8900000e+03 9.5899005e-01
1.8900000e+03 1.9000000e+03 9.9900631e-01
1.9000000e+03 1.9100000e+03 1.0009794e+00
1.9100000e+03 1.9200000e+03 9.9108261e-01
1.9200000e+03 1.9300000e+03 9.9727168e-01
1.9300000e+03 1.9400000e+03 9.8691947e-01
1.9400000e+03 1.9500000e+03 9.8894992e-01
1.9500000e+03 1.9600000e+03 9.9581858e-01
1.9600000e+03 1.9700000e+03 9.9434481e-01
1.9700000e+03 1.9800000e+03 9.9590178e-01
1.9800000e+03 1.9900000e+03 9.9359819e-01
1.9900000e+03 2.0000000e+03 9.9204820e-01
2.0000000e+03 2.0100000e+03 9.9558798e-01
2.0100000e+03 2.0200000e+03 9.9825424e-01
2.0200000e+03 2.0300000e+03 9.8607586e-01
2.0300000e+03 2.0400000e+03 9.9760136e-01
2.0400000e+03 2.0500000e+03 9.9506281e-01
2.0500000e+03 2.0600000e+03 9.9989546e-01
2.0600000e+03 2.0700000e+03 9.9456913e-01
2.0700000e+03 2.0800000e+03 1.0039660e+00
2.0800000e+03 2.0900000e+03 1.0317736e+00
2.0900000e+03 2.1000000e+03 9.8293938e-01
2.1000000e+03 2.1100000e+03 1.0198270e+00
2.1100000e+03 2.1200000e+03 9.9942277e-01
2.1200000e+03 2.1300000e+03 1.0123744e+00
2.1300000e+03 2.1400000e+03 1.0294228e+00
2.1400000e+03 2.1500000e+03 1.0233422e+00
2.1500000e+03 2.1600000e+03 1.0386244e+00
2.1600000e+03 2.1700000e+03 1.0084851e+00
2.1700000e+03 2.1800000e+03 1.0234150e+00
2.1800000e+03 2.1900000e+03 1.0173796e+00
2.1900000e+03 2.2000000e+03 9.8121583e-01
2.2000000e+03 2.2100000e+03 1.0203537e+00
2.2100000e+03 2.2200000e+03 1.0156970e+00
2.2200000e+03 2.2300000e+03 1.0379112e+00
2.2300000e+03 2.2400000e+03 1.0404138e+00
2.2400000e+03 2.2500000e+03 1.0117035e+00
2.2500000e+03 2.2600000e+03 1.0045075e+00
2.2600000e+03 2.2700000e+03 1.0111945e+00
2.2700000e+03 2.2800000e+03 1.0110410e+00
2.2800000e+03 2.2900000e+03 1.0136355e+00
2.2900000e+03 2.3000000e+03 1.0203264e+00
2.3000000e+03 2.3100000e+03 1.0125642e+00
2.3100000e+03 2.3200000e+03 1.0178801e+00
2.3200000e+03 2.3300000e+03 1.0139482e+00
2.3300000e+03 2.3400000e+03 1.0108321e+00
2.3400000e+03 2.3500000e+03 1.0045587e+00
2.3500000e+03 2.3600000e+03 1.0179119e+00
2.3600000e+03 2.3700000e+03 1.0036018e+00
2.3700000e+03 2.3800000e+03 1.0081656e+00
2.3800000e+03 2.3900000e+03 9.8918936e-01
2.3900000e+03 2.4000000e+03 9.9490286e-01
2.4000000e+03 2.4100000e+03 1.0047352e+00
2.4100000e+03 2.4200000e+03 1.0019499e+00
2.4200000e+03 2.4300000e+03 1.0247560e+00
2.4300000e+03 2.4400000e+03 1.0221216e+00
2.4400000e+03 2.4500000e+03 1.0192146e+00
2.4500000e+03 2.4600000e+03 1.0164918e+00
2.4600000e+03 2.4700000e+03 1.0205336e+00
2.4700000e+03 2.4800000e+03 1.0073617e+00
2.4800000e+03 2.4900000e+03 9.9735816e-01
2.4900000e+03 2.5000000e+03 1.0054071e+00
2.5000000e+03 2.5100000e+03 1.0157947e+00
2.5100000e+03 2.5200000e+03 1.0096384e+00
2.5200000e+03 2.5300000e+03 1.0017716e+00
2.5300000e+03 2.5400000e+03 9.9738661e-01
2.5400000e+03 2.5500000e+03 9.9492510e-01
2.5500000e+03 2.5600000e+03 1.0024277e+00
2.5600000e+03 2.5700000e+03 9.9782021e-01
2.5700000e+03 2.5800000e+03 1.0193579e+00
2.5800000e+03 2.5900000e+03 1.0117940e+00
2.5900000e+03 2.6000000e+03 9.9937488e-01
2.6000000e+03 2.6100000e+03 1.0003470e+00
2.6100000e+03 2.6200000e+03 9.9552862e-01
2.6200000e+03 2.6300000e+03 1.0043173e+00
2.6300000e+03 2.6400000e+03 1.0158394e+00
2.6400000e+03 2.6500000e+03 1.0210171e+00
2.6500000e+03 2.6600000e+03 1.0146062e+00
2.6600000e+03 2.6700000e+03 1.0214350e+00
2.6700000e+03 2.6800000e+03 1.0244199e+00
2.6800000e+03 2.6900000e+03 1.0261138e+00
2.6900000e+03 2.7000000e+03 1.0198331e+00
2.7000000e+03 2.7100000e+03 1.0154972e+00
2.7100000e+03 2.7200000e+03 1.0128591e+00
2.7200000e+03 2.7300000e+03 1.0184108e+00
2.7300000e+03 2.7400000e+03 1.0048629e+00
2.7400000e+03 2.7500000e+03 1.0038578e+00
2.7500000e+03 2.7600000e+03 1.0105009e+00
2.7600000e+03 2.7700000e+03 1.0149419e+00
2.7700000e+03 2.7800000e+03 1.0124381e+00
2.7800000e+03 2.7900000e+03 1.0025252e+00
2.7900000e+03 2.8000000e+03 9.9664835e-01
2.8000000e+03 2.8100000e+03 9.9453483e-01
2.8100000e+03 2.8200000e+03 1.0061933e+00
2.8200000e+03 2.8300000e+03 1.0088482e+00
2.8300000e+03 2.8400000e+03 1.0162725e+00
2.8400000e+03 2.8500000e+03 1.0005626e+00
2.8500000e+03 2.8600000e+03 9.9427228e-01
2.8600000e+03 2.8700000e+03 1.0143701e+00
2.8700000e+03 2.8800000e+03 1.0172940e+00
2.8800000e+03 2.8900000e+03 1.0239136e+00
2.8900000e+03 2.9000000e+03 1.0035237e+00
2.9000000e+03 2.9100000e+03 9.9714477e-01
2.9100000e+03 2.9200000e+03 1.0074662e+00
2.9200000e+03 2.9300000e+03 1.0160947e+00
2.9300000e+03 2.9400000e+03 1.0073704e+00
2.9400000e+03 2.9500000e+03 1.0097454e+00
2.9500000e+03 2.9600000e+03 1.0119606e+00
2.9600000e+03 2.9700000e+03 1.0110895e+00
2.9700000e+03 2.9800000e+03 1.0092766e+00
2.9800000e+03 2.9900000e+03 1.0124890e+00
2.9900000e+03 3.0000000e+03 1.0039612e+00
3.0000000e+03 3.0100000e+03 1.0018948e+00
3.0100000e+03 3.0200000e+03 1.0048158e+00
3.0200000e+03 3.0300000e+03 1.0007002e+00
3.0300000e+03 3.0400000e+03 1.0105872e+00
3.0400000e+03 3.0500000e+03 1.0086976e+00
3.0500000e+03 3.0600000e+03 1.0082944e+00
3.0600000e+03 3.0700000e+03 1.0074247e+00
3.0700000e+03 3.0800000e+03 1.0091136e+00
3.0800000e+03 3.0900000e+03 1.0042221e+00
3.0900000e+03 3.1000000e+03 1.0064736e+00
3.1000000e+03 3.1100000e+03 1.0071394e+00
3.1100000e+03 3.1200000e+03 1.0102120e+00
3.1200000e+03 3.1300000e+03 1.0094661e+00
3.1300000e+03 3.1400000e+03 1.0106791e+00
3.1400000e+03 3.1500000e+03 1.0069170e+00
3.1500000e+03 3.1600000e+03 1.0070852e+00
3.1600000e+03 3.1700000e+03 1.0114035e+00
3.1700000e+03 3.1800000e+03 1.0109613e+00
3.1800000e+03 3.1900000e+03 1.0086534e+00
3.1900000e+03 3.2000000e+03 1.0062667e+00
3.2000000e+03 3.2100000e+03 1.0084428e+00
3.2100000e+03 3.2200000e+03 1.0026438e+00
3.2200000e+03 3.2300000e+03 1.0075877e+00
3.2300000e+03 3.2400000e+03 1.0063459e+00
3.2400000e+03 3.2500000e+03 1.0061572e+00
3.2500000e+03 3.2600000e+03 1.0039215e+00
3.2600000e+03 3.2700000e+03 1.0054537e+00
3.2700000e+03 3.2800000e+03 1.0055239e+00
3.2800000e+03 3.2900000e+03 1.0060243e+00
3.2900000e+03 3.3000000e+03 1.0011615e+00
3.3000000e+03 3.3100000e+03 1.0019700e+00
3.3100000e+03 3.3200000e+03 1.0019848e+00
3.3200000e+03 3.3300000e+03 1.0035300e+00
3.3300000e+03 3.3400000e+03 1.0048954e+00
3.3400000e+03 3.3500000e+03 1.0033895e+00
3.3500000e+03 3.3600000e+03 1.0053905e+00
3.3600000e+03 3.3700000e+03 1.0030460e+00
3.3700000e+03 3.3800000e+03 1.0034313e+00
3.3800000e+03 3.3900000e+03 1.0031978e+00
3.3900000e+03 3.4000000e+03 1.0036410e+00
3.4000000e+03 3.4100000e+03 1.0033355e+00
3.4100000e+03 3.4200000e+03 1.0029133e+00
3.4200000e+03 3.4300000e+03 1.0033816e+00
3.4300000e+03 3.4400000e+03 1.0016832e+00
3.4400000e+03 3.4500000e+03 1.0015660e+00
3.4500000e+03 3.4600000e+03 1.0016358e+00
3.4600000e+03 3.4700000e+03 1.0039129e+00
3.4700000e+03 3.4800000e+03 1.0030378e+00
3.4800000e+03 3.4900000e+03 1.0001355e+00
3.4900000e+03 3.5000000e+03 1.0024721e+00
3.5000000e+03 3.5100000e+03 1.0005381e+00
3.5100000e+03 3.5200000e+03 9.9859351e-01
3.5200000e+03 3.5300000e+03 1.0000571e+00
3.5300000e+03 3.5400000e+03 1.0015099e+00
3.5400000e+03 3.5500000e+03 9.9892566e-01
3.5500000e+03 3.5600000e+03 1.0006657e+00
3.5600000e+03 3.5700000e+03 1.0001163e+00
3.5700000e+03 3.5800000e+03 1.0053664e+00
3.5800000e+03 3.5900000e+03 1.0017774e+00
3.5900000e+03 3.6000000e+03 1.0004940e+00
3.6000000e+03 3.6100000e+03 1.0029034e+00
3.6100000e+03 3.6200000e+03 1.0040175e+00
3.6200000e+03 3.6300000e+03 1.0001405e+00
3.6300000e+03 3.6400000e+03 1.0032811e+00
3.6400000e+03 3.6500000e+03 9.7515749e-01
3.6500000e+03 3.6600000e+03 9.9848660e-01
3.6600000e+03 3.6700000e+03 1.0012475e+00
3.6700000e+03 3.6800000e+03 9.9773187e-01
3.6800000e+03 3.6900000e+03 9.9681260e-01
3.6900000e+03 3.7000000e+03 1.0007578e+00
3.7000000e+03 3.7100000e+03 9.9089556e-01
3.7100000e+03 3.7200000e+03 9.6283288e-01
3.7200000e+03 3.7300000e+03 9.1469677e-01
3.7300000e+03 3.7400000e+03 9.6664662e-01
3.7400000e+03 3.7500000e+03 1.0102822e+00
3.7500000e+03 3.7600000e+03 9.1051734e-01
3.7600000e+03 3.7700000e+03 1.0531628e+00
3.7700000e+03 3.7800000e+03 8.9250707e-01
3.7800000e+03 3.7900000e+03 1.0024853e+00
3.7900000e+03 3.8000000e+03 1.1134251e+00
3.8000000e+03 3.8100000e+03 9.8059672e-01
3.8100000e+03 3.8200000e+03 1.0040937e+00
3.8200000e+03 3.8300000e+03 1.0113522e+00
3.8300000e+03 3.8400000e+03 1.1152155e+00
3.8400000e+03 3.8500000e+03 9.9083726e-01
3.8500000e+03 3.8600000e+03 1.0081063e+00
3.8600000e+03 3.8700000e+03 1.0080665e+00
3.8700000e+03 3.8800000e+03 1.0163621e+00
3.8800000e+03 3.8900000e+03 1.1289230e+00
3.8900000e+03 3.9000000e+03 9.5396035e-01
3.9000000e+03 3.9100000e+03 1.0027218e+00
3.9100000e+03 3.9200000e+03 9.9982563e-01
3.9200000e+03 3.9300000e+03 1.0030933e+00
3.9300000e+03 3.9400000e+03 9.9310746e-01
3.9400000e+03 3.9500000e+03 9.9902473e-01
3.9500000e+03 3.9600000e+03 1.0003619e+00
3.9600000e+03 3.9700000e+03 9.9518066e-01
3.9700000e+03 3.9800000e+03 8.5436420e-01
3.9800000e+03 3.9900000e+03 9.9465443e-01
3.9900000e+03 4.0000000e+03 9.9816090e-01
4.0000000e+03 4.0100000e+03 9.9772144e-01
4.0100000e+03 4.0200000e+03 9.9761872e-01
4.0200000e+03 4.0300000e+03 9.9725143e-01
4.0300000e+03 4.0400000e+03 9.9805656e-01
4.0400000e+03 4.0500000e+03 9.9739075e-01
4.0500000e+03 4.0600000e+03 9.9929612e-01
4.0600000e+03 4.0700000e+03 9.9545193e-01
4.0700000e+03 4.0800000e+03 1.0004587e+00
4.0800000e+03 4.0900000e+03 9.9760960e-01
4.0900000e+03 4.1000000e+03 1.0226822e+00
4.1000000e+03 4.1100000e+03 9.1792261e-01
4.1100000e+03 4.1200000e+03 9.9115725e-01
4.1200000e+03 4.1300000e+03 9.9625628e-01
4.1300000e+03 4.1400000e+03 9.9605670e-01
4.1400000e+03 4.1500000e+03 9.9385074e-01
4.1500000e+03 4.1600000e+03 9.9480991e-01
4.1600000e+03 4.1700000e+03 9.9439467e-01
4.1700000e+03 4.1800000e+03 9.9529447e-01
4.1800000e+03 4.1900000e+03 9.9487480e-01
4.1900000e+03 4.2000000e+03 9.9940687e-01
4.2000000e+03 4.2100000e+03 9.9567405e-01
4.2100000e+03 4.2200000e+03 9.9650816e-01
4.2200000e+03 4.2300000e+03 9.9656488e-01
4.2300000e+03 4.2400000e+03 9.9584445e-01
4.2400000e+03 4.2500000e+03 9.9418195e-01
4.2500000e+03 4.2600000e+03 9.9559884e-01
4.2600000e+03 4.2700000e+03 9.9563337e-01
4.2700000e+03 4.2800000e+03 9.9461033e-01
4.2800000e+03 4.2900000e+03 9.9729339e-01
4.2900000e+03 4.3000000e+03 9.9908646e-01
4.3000000e+03 4.3100000e+03 9.9998960e-01
4.3100000e+03 4.3200000e+03 9.9086830e-01
4.3200000e+03 4.3300000e+03 9.9788421e-01
4.3300000e+03 4.3400000e+03 1.0302265e+00
4.3400000e+03 4.3500000e+03 9.3621462e-01
4.3500000e+03 4.3600000e+03 9.9128790e-01
4.3600000e+03 4.3700000e+03 9.7820344e-01
4.3700000e+03 4.3800000e+03 9.9206719e-01
4.3800000e+03 4.3900000e+03 9.9416790e-01
4.3900000e+03 4.4000000e+03 9.8856370e-01
4.4000000e+03 4.4100000e+03 9.9312647e-01
4.4100000e+03 4.4200000e+03 9.9077012e-01
4.4200000e+03 4.4300000e+03 9.9081828e-01
4.4300000e+03 4.4400000e+03 9.9906201e-01
4.4400000e+03 4.4500000e+03 9.9244506e-01
4.4500000e+03 4.4600000e+03 9.9536674e-01
4.4600000e+03 4.4700000e+03 9.9279947e-01
4.4700000e+03 4.4800000e+03 9.8516696e-01
4.4800000e+03 4.4900000e+03 9.9475866e-01
4.4900000e+03 4.5000000e+03 9.8855367e-01
4.5000000e+03 4.5100000e+03 9.7667041e-01
4.5100000e+03 4.5200000e+03 9.9114957e-01
4.5200000e+03 4.5300000e+03 9.9193833e-01
4.5300000e+03 4.5400000e+03 9.9238273e-01
4.5400000e+03 4.5500000e+03 9.9558385e-01
4.5500000e+03 4.5600000e+03 9.8527799e-01
4.5600000e+03 4.5700000e+03 9.8299125e-01
4.5700000e+03 4.5800000e+03 9.8393397e-01
4.5800000e+03 4.5900000e+03 9.9530348e-01
4.5900000e+03 4.6000000e+03 9.8971163e-01
4.6000000e+03 4.6100000e+03 9.8933214e-01
4.6100000e+03 4.6200000e+03 9.9220039e-01
4.6200000e+03 4.6300000e+03 9.8649135e-01
4.6300000e+03 4.6400000e+03 9.9316946e-01
4.6400000e+03 4.6500000e+03 9.8364578e-01
4.6500000e+03 4.6600000e+03 9.8642465e-01
4.6600000e+03 4.6700000e+03 9.9280721e-01
4.6700000e+03 4.6800000e+03 9.8173176e-01
4.6800000e+03 4.6900000e+03 9.9231168e-01
4.6900000e+03 4.7000000e+03 9.9167047e-01
4.7000000e+03 4.7100000e+03 9.9448541e-01
4.7100000e+03 4.7200000e+03 9.8910371e-01
4.7200000e+03 4.7300000e+03 9.9182162e-01
4.7300000e+03 4.7400000e+03 9.8898924e-01
4.7400000e+03 4.7500000e+03 9.8633187e-01
4.7500000e+03 4.7600000e+03 9.8321980e-01
4.7600000e+03 4.7700000e+03 9.9121621e-01
4.7700000e+03 4.7800000e+03 9.8478392e-01
4.7800000e+03 4.7900000e+03 9.8778608e-01
4.7900000e+03 4.8000000e+03 9.9535735e-01
4.8000000e+03 4.8100000e+03 9.9200926e-01
4.8100000e+03 4.8200000e+03 9.9018748e-01
4.8200000e+03 4.8300000e+03 9.7813474e-01
4.8300000e+03 4.8400000e+03 9.8722674e-01
4.8400000e+03 4.8500000e+03 9.8863371e-01
4.8500000e+03 4.8600000e+03 9.9835445e-01
4.8600000e+03 4.8700000e+03 9.5145513e-01
4.8700000e+03 4.8800000e+03 9.8733565e-01
4.8800000e+03 4.8900000e+03 9.9538211e-01
4.8900000e+03 4.9000000e+03 9.7616928e-01
4.9000000e+03 4.9100000e+03 9.8017788e-01
4.9100000e+03 4.9200000e+03 9.8848533e-01
4.9200000e+03 4.9300000e+03 9.8390091e-01
4.9300000e+03 4.9400000e+03 9.8949576e-01
4.9400000e+03 4.9500000e+03 9.8224632e-01
4.9500000e+03 4.9600000e+03 9.8227026e-01
4.9600000e+03 4.9700000e+03 9.8722826e-01
4.9700000e+03 4.9800000e+03 9.8642534e-01
4.9800000e+03 4.9900000e+03 9.9321923e-01
4.9900000e+03 5.0000000e+03 9.8797656e-01
5.0000000e+03 5.0100000e+03 9.9335486e-01
5.0100000e+03 5.0200000e+03 9.9257848e-01
5.0200000e+03 5.0300000e+03 9.9357269e-01
5.0300000e+03 5.0400000e+03 9.9220635e-01
5.0400000e+03 5.0500000e+03 9.9072034e-01
5.0500000e+03 5.0600000e+03 9.6805310e-01
5.0600000e+03 5.0700000e+03 9.8298343e-01
5.0700000e+03 5.0800000e+03 9.9153606e-01
5.0800000e+03 5.0900000e+03 9.9350386e-01
5.0900000e+03 5.1000000e+03 9.9006465e-01
5.1000000e+03 5.1100000e+03 9.8090596e-01
5.1100000e+03 5.1200000e+03 9.6407884e-01
5.1200000e+03 5.1300000e+03 9.8925836e-01
5.1300000e+03 5.1400000e+03 9.8973511e-01
5.1400000e+03 5.1500000e+03 9.9014913e-01
5.1500000e+03 5.1600000e+03 9.8772611e-01
5.1600000e+03 5.1700000e+03 9.9271194e-01
5.1700000e+03 5.1800000e+03 9.8889909e-01
5.1800000e+03 5.1900000e+03 9.8819964e-01
5.1900000e+03 5.2000000e+03 9.9281807e-01
5.2000000e+03 5.2100000e+03 9.9131451e-01
5.2100000e+03 5.2200000e+03 9.8364141e-01
5.2200000e+03 5.2300000e+03 9.8960738e-01
5.2300000e+03 5.2400000e+03 9.8003358e-01
5.2400000e+03 5.2500000e+03 9.8044107e-01
5.2500000e+03 5.2600000e+03 9.9419255e-01
5.2600000e+03 5.2700000e+03 9.9458403e-01
5.2700000e+03 5.2800000e+03 9.8862799e-01
5.2800000e+03 5.2900000e+03 9.7772055e-01
5.2900000e+03 5.3000000e+03 9.8655090e-01
5.3000000e+03 5.3100000e+03 9.7194215e-01
5.3100000e+03 5.3200000e+03 9.8449824e-01
5.3200000e+03 5.3300000e+03 9.9242218e-01
5.3300000e+03 5.3400000e+03 9.8913511e-01
5.3400000e+03 5.3500000e+03 9.8315488e-01
5.3500000e+03 5.3600000e+03 9.8307960e-01
5.3600000e+03 5.3700000e+03 9.8152199e-01
5.3700000e+03 5.3800000e+03 9.7142149e-01
5.3800000e+03 5.3900000e+03 9.7297167e-01
5.3900000e+03 5.4000000e+03 9.7932000e-01
5.4000000e+03 5.4100000e+03 9.8844450e-01
5.4100000e+03 5.4200000e+03 9.7723627e-01
5.4200000e+03 5.4300000e+03 9.8028129e-01
5.4300000e+03 5.4400000e+03 9.7114056e-01
5.4400000e+03 5.4500000e+03 9.6620935e-01
5.4500000e+03 5.4600000e+03 9.6199162e-01
5.4600000e+03 5.4700000e+03 9.7679526e-01
5.4700000e+03 5.4800000e+03 9.7858755e-01
5.4800000e+03 5.4900000e+03 9.8781648e-01
5.4900000e+03 5.5000000e+03 9.6959610e-01
5.5000000e+03 5.5100000e+03 9.7035480e-01
5.5100000e+03 5.5200000e+03 9.8728933e-01
5.5200000e+03 5.5300000e+03 9.8190635e-01
5.5300000e+03 5.5400000e+03 9.8618780e-01
5.5400000e+03 5.5500000e+03 9.8656738e-01
5.5500000e+03 5.5600000e+03 9.8803110e-01
5.5600000e+03 5.5700000e+03 9.8731518e-01
5.5700000e+03 5.5800000e+03 9.7322349e-01
5.5800000e+03 5.5900000e+03 9.8133567e-01
5.5900000e+03 5.6000000e+03 9.8869793e-01
5.6000000e+03 5.6100000e+03 9.7431450e-01
5.6100000e+03 5.6200000e+03 9.7271430e-01
5.6200000e+03 5.6300000e+03 9.7413862e-01
5.6300000e+03 5.6400000e+03 9.8393938e-01
5.6400000e+03 5.6500000e+03 9.8483527e-01
5.6500000e+03 5.6600000e+03 9.8990126e-01
5.6600000e+03 5.6700000e+03 9.8949745e-01
5.6700000e+03 5.6800000e+03 9.8244076e-01
5.6800000e+03 5.6900000e+03 9.8665495e-01
5.6900000e+03 5.7000000e+03 9.9307087e-01
5.7000000e+03 5.7100000e+03 9.9037236e-01
5.7100000e+03 5.7200000e+03 9.8857638e-01
5.7200000e+03 5.7300000e+03 9.9399938e-01
5.7300000e+03 5.7400000e+03 9.9495132e-01
5.7400000e+03 5.7500000e+03 9.9156197e-01
5.7500000e+03 5.7600000e+03 9.8526586e-01
5.7600000e+03 5.7700000e+03 9.7523324e-01
5.7700000e+03 5.7800000e+03 9.9174651e-01
5.7800000e+03 5.7900000e+03 9.9187324e-01
5.7900000e+03 5.8000000e+03 9.8212233e-01
5.8000000e+03 5.8100000e+03 9.9431017e-01
5.8100000e+03 5.8200000e+03 9.8731811e-01
5.8200000e+03 5.8300000e+03 9.9816168e-01
5.8300000e+03 5.8400000e+03 9.9565741e-01
5.8400000e+03 5.8500000e+03 9.9331328e-01
5.8500000e+03 5.8600000e+03 9.7880582e-01
5.8600000e+03 5.8700000e+03 9.7054666e-01
5.8700000e+03 5.8800000e+03 9.9917189e-01
5.8800000e+03 5.8900000e+03 9.6936833e-01
5.8900000e+03 5.9000000e+03 9.8501680e-01
5.9000000e+03 5.9100000e+03 9.8999698e-01
5.9100000e+03 5.9200000e+03 9.7234364e-01
5.9200000e+03 5.9300000e+03 9.8991406e-01
5.9300000e+03 5.9400000e+03 9.7070878e-01
5.9400000e+03 5.9500000e+03 9.8863106e-01
5.9500000e+03 5.9600000e+03 9.8802043e-01
5.9600000e+03 5.9700000e+03 9.9694297e-01
5.9700000e+03 5.9800000e+03 9.6967176e-01
5.9800000e+03 5.9900000e+03 9.7851033e-01
5.9900000e+03 6.0000000e+03 9.9242677e-01
6.0000000e+03 6.0100000e+03 9.8130784e-01
6.0100000e+03 6.0200000e+03 9.8127893e-01
6.0200000e+03 6.0300000e+03 9.8479750e-01
6.0300000e+03 6.0400000e+03 9.9911049e-01
6.0400000e+03 6.0500000e+03 9.9980667e-01
6.0500000e+03 6.0600000e+03 9.8442758e-01
6.0600000e+03 6.0700000e+03 9.5386068e-01
6.0700000e+03 6.0800000e+03 9.8311557e-01
6.0800000e+03 6.0900000e+03 9.9641437e-01
6.0900000e+03 6.1000000e+03 9.9716262e-01
6.1000000e+03 6.1100000e+03 9.7686688e-01
6.1100000e+03 6.1200000e+03 9.9326039e-01
6.1200000e+03 6.1300000e+03 9.7399962e-01
6.1300000e+03 6.1400000e+03 9.7657099e-01
6.1400000e+03 6.1500000e+03 9.7854072e-01
6.1500000e+03 6.1600000e+03 9.8617602e-01
6.1600000e+03 6.1700000e+03 9.8952815e-01
6.1700000e+03 6.1800000e+03 9.8564908e-01
6.1800000e+03 6.1900000e+03 9.9033674e-01
6.1900000e+03 6.2000000e+03 9.6393241e-01
6.2000000e+03 6.2100000e+03 9.7912649e-01
6.2100000e+03 6.2200000e+03 9.7869545e-01
6.2200000e+03 6.2300000e+03 9.9569762e-01
6.2300000e+03 6.2400000e+03 9.7764778e-01
6.2400000e+03 6.2500000e+03 9.9074720e-01
6.2500000e+03 6.2600000e+03 9.8583077e-01
6.2600000e+03 6.2700000e+03 9.6695032e-01
6.2700000e+03 6.2800000e+03 9.7972484e-01
6.2800000e+03 6.2900000e+03 9.8745379e-01
6.2900000e+03 6.3000000e+03 9.8194086e-01
6.3000000e+03 6.3100000e+03 9.8154666e-01
6.3100000e+03 6.3200000e+03 9.8692500e-01
6.3200000e+03 6.3300000e+03 9.7834354e-01
6.3300000e+03 6.3400000e+03 9.7508728e-01
6.3400000e+03 6.3500000e+03 9.9376187e-01
6.3500000e+03 6.3600000e+03 9.8259763e-01
6.3600000e+03 6.3700000e+03 9.9865162e-01
6.3700000e+03 6.3800000e+03 9.9665633e-01
6.3800000e+03 6.3900000e+03 9.9117089e-01
6.3900000e+03 6.4000000e+03 9.6167584e-01
6.4000000e+03 6.4100000e+03 9.6836138e-01
6.4100000e+03 6.4200000e+03 9.7724973e-01
6.4200000e+03 6.4300000e+03 9.5741284e-01
6.4300000e+03 6.4400000e+03 9.7010526e-01
6.4400000e+03 6.4500000e+03 9.6367980e-01
6.4500000e+03 6.4600000e+03 9.8686078e-01
6.4600000e+03 6.4700000e+03 9.7294798e-01
6.4700000e+03 6.4800000e+03 9.6660775e-01
6.4800000e+03 6.4900000e+03 9.8394818e-01
6.4900000e+03 6.5000000e+03 9.9016664e-01
6.5000000e+03 6.5100000e+03 9.8115396e-01
6.5100000e+03 6.5200000e+03 9.9191335e-01
6.5200000e+03 6.5300000e+03 9.9900212e-01
6.5300000e+03 6.5400000e+03 9.9761620e-01
6.5400000e+03 6.5500000e+03 9.6147523e-01
6.5500000e+03 6.5600000e+03 1.0003258e+00
6.5600000e+03 6.5700000e+03 9.8157634e-01
6.5700000e+03 6.5800000e+03 9.8899652e-01
6.5800000e+03 6.5900000e+03 9.9431840e-01
6.5900000e+03 6.6000000e+03 9.7263519e-01
6.6000000e+03 6.6100000e+03 9.8171225e-01
6.6100000e+03 6.6200000e+03 9.9976593e-01
6.6200000e+03 6.6300000e+03 9.9891833e-01
6.6300000e+03 6.6400000e+03 9.9209742e-01
6.6400000e+03 6.6500000e+03 9.7797618e-01
6.6500000e+03 6.6600000e+03 9.9928901e-01
6.6600000e+03 6.6700000e+03 9.8372759e-01
6.6700000e+03 6.6800000e+03 9.5497702e-01
6.6800000e+03 6.6900000e+03 9.9861910e-01
6.6900000e+03 6.7000000e+03 9.9596082e-01
6.7000000e+03 6.7100000e+03 9.9673445e-01
6.7100000e+03 6.7200000e+03 9.8181274e-01
6.7200000e+03 6.7300000e+03 9.9182411e-01
6.7300000e+03 6.7400000e+03 9.9699478e-01
6.7400000e+03 6.7500000e+03 9.9914223e-01
6.7500000e+03 6.7600000e+03 9.8085758e-01
6.7600000e+03 6.7700000e+03 9.7608911e-01
6.7700000e+03 6.7800000e+03 9.9204506e-01
6.7800000e+03 6.7900000e+03 9.9695538e-01
6.7900000e+03 6.8000000e+03 9.9604797e-01
6.8000000e+03 6.8100000e+03 9.7604795e-01
6.8100000e+03 6.8200000e+03 9.9553036e-01
6.8200000e+03 6.8300000e+03 9.9308542e-01
6.8300000e+03 6.8400000e+03 9.9786691e-01
6.8400000e+03 6.8500000e+03 9.8990523e-01
6.8500000e+03 6.8600000e+03 9.8716011e-01
6.8600000e+03 6.8700000e+03 9.7444891e-01
6.8700000e+03 6.8800000e+03 9.9913219e-01
6.8800000e+03 6.8900000e+03 9.9686697e-01
6.8900000e+03 6.9000000e+03 9.9870766e-01
6.9000000e+03 6.9100000e+03 9.9950584e-01
6.9100000e+03 6.9200000e+03 9.8756661e-01
6.9200000e+03 6.9300000e+03 9.9291676e-01
6.9300000e+03 6.9400000e+03 9.9741504e-01
6.9400000e+03 6.9500000e+03 9.7141499e-01
6.9500000e+03 6.9600000e+03 9.9803920e-01
6.9600000e+03 6.9700000e+03 9.9862428e-01
6.9700000e+03 6.9800000e+03 9.9221689e-01
6.9800000e+03 6.9900000e+03 9.9840557e-01
6.9900000e+03 7.0000000e+03 9.9429731e-01
7.0000000e+03 7.0100000e+03 9.9993527e-01
7.0100000e+03 7.0200000e+03 9.9329455e-01
7.0200000e+03 7.0300000e+03 9.9371842e-01
7.0300000e+03 7.0400000e+03 9.9260799e-01
7.0400000e+03 7.0500000e+03 9.9819155e-01
7.0500000e+03 7.0600000e+03 9.9917969e-01
7.0600000e+03 7.0700000e+03 9.9360780e-01
7.0700000e+03 7.0800000e+03 9.9794134e-01
7.0800000e+03 7.0900000e+03 9.9732718e-01
7.0900000e+03 7.1000000e+03 9.9066226e-01
7.1000000e+03 7.1100000e+03 9.9917723e-01
7.1100000e+03 7.1200000e+03 9.9830652e-01
7.1200000e+03 7.1300000e+03 9.7068056e-01
7.1300000e+03 7.1400000e+03 9.8192850e-01
7.1400000e+03 7.1500000e+03 9.6894941e-01
7.1500000e+03 7.1600000e+03 9.9037014e-01
7.1600000e+03 7.1700000e+03 9.7958397e-01
7.1700000e+03 7.1800000e+03 9.9423974e-01
7.1800000e+03 7.1900000e+03 9.8319555e-01
7.1900000e+03 7.2000000e+03 9.9598813e-01
7.2000000e+03 7.2100000e+03 9.8214697e-01
7.2100000e+03 7.2200000e+03 9.9699589e-01
7.2200000e+03 7.2300000e+03 9.8393674e-01
7.2300000e+03 7.2400000e+03 9.9546883e-01
7.2400000e+03 7.2500000e+03 9.9283403e-01
7.2500000e+03 7.2600000e+03 9.9400168e-01
7.2600000e+03 7.2700000e+03 9.9107283e-01
7.2700000e+03 7.2800000e+03 9.9282348e-01
7.2800000e+03 7.2900000e+03 9.8750370e-01
7.2900000e+03 7.3000000e+03 9.9126557e-01
7.3000000e+03 7.3100000e+03 9.8613507e-01
7.3100000e+03 7.3200000e+03 9.9069950e-01
7.3200000e+03 7.3300000e+03 9.7396287e-01
7.3300000e+03 7.3400000e+03 9.9708293e-01
7.3400000e+03 7.3500000e+03 9.9923736e-01
7.3500000e+03 7.3600000e+03 9.8706682e-01
7.3600000e+03 7.3700000e+03 9.9751467e-01
7.3700000e+03 7.3800000e+03 9.9797351e-01
7.3800000e+03 7.3900000e+03 9.9092568e-01
7.3900000e+03 7.4000000e+03 9.8866309e-01
7.4000000e+03 7.4100000e+03 9.9068432e-01
7.4100000e+03 7.4200000e+03 9.8801510e-01
7.4200000e+03 7.4300000e+03 9.8270352e-01
7.4300000e+03 7.4400000e+03 9.9873819e-01
7.4400000e+03 7.4500000e+03 9.7965839e-01
7.4500000e+03 7.4600000e+03 9.9889799e-01
7.4600000e+03 7.4700000e+03 9.7748842e-01
7.4700000e+03 7.4800000e+03 9.9845256e-01
7.4800000e+03 7.4900000e+03 9.9920790e-01
7.4900000e+03 7.5000000e+03 9.7310692e-01
7.5000000e+03 7.5100000e+03 9.9912226e-01
7.5100000e+03 7.5200000e+03 9.6289450e-01
7.5200000e+03 7.5300000e+03 9.7910098e-01
7.5300000e+03 7.5400000e+03 9.9496514e-01
7.5400000e+03 7.5500000e+03 9.9968260e-01
7.5500000e+03 7.5600000e+03 9.7475487e-01
7.5600000e+03 7.5700000e+03 9.8727698e-01
7.5700000e+03 7.5800000e+03 9.8510555e-01
7.5800000e+03 7.5900000e+03 9.7700649e-01
7.5900000e+03 7.6000000e+03 9.9961467e-01
7.6000000e+03 7.6100000e+03 9.9926332e-01
7.6100000e+03 7.6200000e+03 9.7584419e-01
7.6200000e+03 7.6300000e+03 9.9035313e-01
7.6300000e+03 7.6400000e+03 9.9968726e-01
7.6400000e+03 7.6500000e+03 9.9955358e-01
7.6500000e+03 7.6600000e+03 9.9034732e-01
7.6600000e+03 7.6700000e+03 9.7815843e-01
7.6700000e+03 7.6800000e+03 9.9958031e-01
7.6800000e+03 7.6900000e+03 9.9256525e-01
7.6900000e+03 7.7000000e+03 9.8732801e-01
7.7000000e+03 7.7100000e+03 9.9983176e-01
7.7100000e+03 7.7200000e+03 9.8429714e-01
7.7200000e+03 7.7300000e+03 9.8404441e-01
7.7300000e+03 7.7400000e+03 9.9951944e-01
7.7400000e+03 7.7500000e+03 9.8670326e-01
7.7500000e+03 7.7600000e+03 9.9674605e-01
7.7600000e+03 7.7700000e+03 9.9977229e-01
7.7700000e+03 7.7800000e+03 9.9684952e-01
7.7800000e+03 7.7900000e+03 9.8496282e-01
7.7900000e+03 7.8000000e+03 9.8122189e-01
7.8000000e+03 7.8100000e+03 9.9501879e-01
7.8100000e+03 7.8200000e+03 9.9724068e-01
7.8200000e+03 7.8300000e+03 9.8980781e-01
7.8300000e+03 7.8400000e+03 9.7529247e-01
7.8400000e+03 7.8500000e+03 9.9827110e-01
7.8500000e+03 7.8600000e+03 9.7186573e-01
7.8600000e+03 7.8700000e+03 9.9909057e-01
7.8700000e+03 7.8800000e+03 9.9950338e-01
7.8800000e+03 7.8900000e+03 9.9924407e-01
7.8900000e+03 7.9000000e+03 9.9935795e-01
7.9000000e+03 7.9100000e+03 9.9858328e-01
7.9100000e+03 7.9200000e+03 9.9432569e-01
7.9200000e+03 7.9300000e+03 9.9965540e-01
7.9300000e+03 7.9400000e+03 9.8145866e-01
7.9400000e+03 7.9500000e+03 9.7883390e-01
7.9500000e+03 7.9600000e+03 9.9790378e-01
7.9600000e+03 7.9700000e+03 9.9961801e-01
7.9700000e+03 7.9800000e+03 9.9875552e-01
7.9800000e+03 7.9900000e+03 9.9977353e-01
7.9900000e+03 8.0000000e+03 9.6574565e-01
8.0000000e+03 8.0100000e+03 9.9885801e-01
8.0100000e+03 8.0200000e+03 9.9943720e-01
8.0200000e+03 8.0300000e+03 9.8921765e-01
8.0300000e+03 8.0400000e+03 9.9746184e-01
8.0400000e+03 8.0500000e+03 9.7654427e-01
8.0500000e+03 8.0600000e+03 9.9796581e-01
8.0600000e+03 8.0700000e+03 9.9979035e-01
8.0700000e+03 8.0800000e+03 9.9877694e-01
8.0800000e+03 8.0900000e+03 9.7398119e-01
8.0900000e+03 8.1000000e+03 9.9218232e-01
8.1000000e+03 8.1100000e+03 9.9957182e-01
8.1100000e+03 8.1200000e+03 9.9963571e-01
8.1200000e+03 8.1300000e+03 9.9965988e-01
8.1300000e+03 8.1400000e+03 9.9991923e-01
8.1400000e+03 8.1500000e+03 9.9966930e-01
8.1500000e+03 8.1600000e+03 9.9970207e-01
8.1600000e+03 8.1700000e+03 9.9598152e-01
8.1700000e+03 8.1800000e+03 9.9787194e-01
8.1800000e+03 8.1900000e+03 9.9499637e-01
8.1900000e+03 8.2000000e+03 9.8170059e-01
8.2000000e+03 8.2100000e+03 9.9078308e-01
8.2100000e+03 8.2200000e+03 9.8326542e-01
8.2200000e+03 8.2300000e+03 9.6537120e-01
8.2300000e+03 8.2400000e+03 9.8761542e-01
8.2400000e+03 8.2500000e+03 9.8906954e-01
8.2500000e+03 8.2600000e+03 9.9835268e-01
8.2600000e+03 8.2700000e+03 9.9871977e-01
8.2700000e+03 8.2800000e+03 9.9923993e-01
8.2800000e+03 8.2900000e+03 9.9986493e-01
8.2900000e+03 8.3000000e+03 9.9209020e-01
8.3000000e+03 8.3100000e+03 9.9175135e-01
8.3100000e+03 8.3200000e+03 9.9451575e-01
8.3200000e+03 8.3300000e+03 9.6208572e-01
8.3300000e+03 8.3400000e+03 9.9038537e-01
8.3400000e+03 8.3500000e+03 9.9105717e-01
8.3500000e+03 8.3600000e+03 9.9882826e-01
8.3600000e+03 8.3700000e+03 9.8835336e-01
8.3700000e+03 8.3800000e+03 9.9821590e-01
8.3800000e+03 8.3900000e+03 9.6931181e-01
8.3900000e+03 8.4000000e+03 9.9845662e-01
8.4000000e+03 8.4100000e+03 9.9751650e-01
8.4100000e+03 8.4200000e+03 9.9114884e-01
8.4200000e+03 8.4300000e+03 9.9374612e-01
8.4300000e+03 8.4400000e+03 9.8850721e-01
8.4400000e+03 8.4500000e+03 9.9745339e-01
8.4500000e+03 8.4600000e+03 9.9883089e-01
8.4600000e+03 8.4700000e+03 9.6552684e-01
8.4700000e+03 8.4800000e+03 9.9485448e-01
8.4800000e+03 8.4900000e+03 9.9595647e-01
8.4900000e+03 8.5000000e+03 9.8561712e-01
8.5000000e+03 8.5100000e+03 9.9580492e-01
8.5100000e+03 8.5200000e+03 9.7434860e-01
8.5200000e+03 8.5300000e+03 9.8723367e-01
8.5300000e+03 8.5400000e+03 9.9780430e-01
8.5400000e+03 8.5500000e+03 9.9448875e-01
8.5500000e+03 8.5600000e+03 9.8799351e-01
8.5600000e+03 8.5700000e+03 9.9983548e-01
8.5700000e+03 8.5800000e+03 9.9951098e-01
8.5800000e+03 8.5900000e+03 9.8412353e-01
8.5900000e+03 8.6000000e+03 9.9687956e-01
8.6000000e+03 8.6100000e+03 9.9891974e-01
8.6100000e+03 8.6200000e+03 9.7755849e-01
8.6200000e+03 8.6300000e+03 9.7496693e-01
8.6300000e+03 8.6400000e+03 9.9848015e-01
8.6400000e+03 8.6500000e+03 9.8978223e-01
8.6500000e+03 8.6600000e+03 9.9937125e-01
8.6600000e+03 8.6700000e+03 9.9269952e-01
8.6700000e+03 8.6800000e+03 9.7163584e-01
8.6800000e+03 8.6900000e+03 9.7574090e-01
8.6900000e+03 8.7000000e+03 9.8798457e-01
8.7000000e+03 8.7100000e+03 9.9941770e-01
8.7100000e+03 8.7200000e+03 9.9599302e-01
8.7200000e+03 8.7300000e+03 9.9494783e-01
8.7300000e+03 8.7400000e+03 9.8342058e-01
8.7400000e+03 8.7500000e+03 9.9366609e-01
8.7500000e+03 8.7600000e+03 9.7465548e-01
8.7600000e+03 8.7700000e+03 9.9930624e-01
8.7700000e+03 8.7800000e+03 9.8970166e-01
8.7800000e+03 8.7900000e+03 9.9920529e-01
8.7900000e+03 8.8000000e+03 9.8346299e-01
8.8000000e+03 8.8100000e+03 9.8230629e-01
8.8100000e+03 8.8200000e+03 9.9721091e-01
8.8200000e+03 8.8300000e+03 9.6471685e-01
8.8300000e+03 8.8400000e+03 9.7078766e-01
8.8400000e+03 8.8500000e+03 9.9490328e-01
8.8500000e+03 8.8600000e+03 9.9994926e-01
8.8600000e+03 8.8700000e+03 9.8214255e-01
8.8700000e+03 8.8800000e+03 9.9802635e-01
8.8800000e+03 8.8900000e+03 9.9958566e-01
8.8900000e+03 8.9000000e+03 9.9590787e-01
8.9000000e+03 8.9100000e+03 9.9945984e-01
8.9100000e+03 8.9200000e+03 9.9054796e-01
8.9200000e+03 8.9300000e+03 9.9482723e-01
8.9300000e+03 8.9400000e+03 9.9923362e-01
8.9400000e+03 8.9500000e+03 9.9047730e-01
8.9500000e+03 8.9600000e+03 9.9909458e-01
8.9600000e+03 8.9700000e+03 9.9736856e-01
8.9700000e+03 8.9800000e+03 9.9195867e-01
8.9800000e+03 8.9900000e+03 9.9774330e-01
8.9900000e+03 9.0000000e+03 9.6763562e-01
9.0000000e+03 9.0100000e+03 9.8784995e-01
9.0100000e+03 9.0200000e+03 9.8763183e-01
9.0200000e+03 9.0300000e+03 9.9315241e-01
9.0300000e+03 9.0400000e+03 9.9828623e-01
9.0400000e+03 9.0500000e+03 9.9978930e-01
9.0500000e+03 9.0600000e+03 9.9877250e-01
9.0600000e+03 9.0700000e+03 9.9519660e-01
9.0700000e+03 9.0800000e+03 9.9398852e-01
9.0800000e+03 9.0900000e+03 9.8395972e-01
9.0900000e+03 9.1000000e+03 9.8837896e-01
9.1000000e+03 9.1100000e+03 9.9834990e-01
9.1100000e+03 9.1200000e+03 9.9131395e-01
9.1200000e+03 9.1300000e+03 9.9978248e-01
9.1300000e+03 9.1400000e+03 9.9978366e-01
9.1400000e+03 9.1500000e+03 9.9666408e-01
9.1500000e+03 9.1600000e+03 9.9983887e-01
9.1600000e+03 9.1700000e+03 9.9693968e-01
9.1700000e+03 9.1800000e+03 9.9667756e-01
9.1800000e+03 9.1900000e+03 9.9975625e-01
9.1900000e+03 9.2000000e+03 9.9636369e-01
9.2000000e+03 9.2100000e+03 9.9685105e-01
9.2100000e+03 9.2200000e+03 0.0000000e+00
9.2200000e+03 9.2300000e+03 0.0000000e+00
9.2300000e+03 9.2400000e+03 0.0000000e+00
9.2400000e+03 9.2500000e+03 0.0000000e+00
9.2500000e+03 9.2600000e+03 0.0000000e+00
9.2600000e+03 9.2700000e+03 0.0000000e+00
9.2700000e+03 9.2800000e+03 0.0000000e+00
9.2800000e+03 9.2900000e+03 0.0000000e+00
9.2900000e+03 9.3000000e+03 0.0000000e+00
9.3000000e+03 9.3100000e+03 0.0000000e+00
9.3100000e+03 9.3200000e+03 0.0000000e+00
9.3200000e+03 9.3300000e+03 0.0000000e+00
9.3300000e+03 9.3400000e+03 0.0000000e+00
9.3400000e+03 9.3500000e+03 0.0000000e+00
9.3500000e+03 9.3600000e+03 0.0000000e+00
9.3600000e+03 9.3700000e+03 0.0000000e+00
9.3700000e+03 9.3800000e+03 0.0000000e+00
9.3800000e+03 9.3900000e+03 0.0000000e+00
9.3900000e+03 9.4000000e+03 0.0000000e+00
