8.5000000e+02 8.6000000e+02 0.0000000e+00
8.6000000e+02 8.7000000e+02 0.0000000e+00
8.7000000e+02 8.8000000e+02 0.0000000e+00
8.8000000e+02 8.9000000e+02 0.0000000e+00
8.9000000e+02 9.0000000e+02 0.0000000e+00
9.0000000e+02 9.1000000e+02 9.1321950e-01
9.1000000e+02 9.2000000e+02 1.0064028e+00
9.2000000e+02 9.3000000e+02 1.0003178e+00
9.3000000e+02 9.4000000e+02 1.0035099e+00
9.4000000e+02 9.5000000e+02 9.6420464e-01
9.5000000e+02 9.6000000e+02 9.6242678e-01
9.6000000e+02 9.7000000e+02 9.3285694e-01
9.7000000e+02 9.8000000e+02 9.9777131e-01
9.8000000e+02 9.9000000e+02 9.4671500e-01
9.9000000e+02 1.0000000e+03 9.5934929e-01
1.0000000e+03 1.0100000e+03 9.4338603e-01
1.0100000e+03 1.0200000e+03 9.8139931e-01
1.0200000e+03 1.0300000e+03 9.9739443e-01
1.0300000e+03 1.0400000e+03 9.1220203e-01
1.0400000e+03 1.0500000e+03 9.2445249e-01
1.0500000e+03 1.0600000e+03 9.7117741e-01
1.0600000e+03 1.0700000e+03 9.4597555e-01
1.0700000e+03 1.0800000e+03 9.4450068e-01
1.0800000e+03 1.0900000e+03 9.2384735e-01
1.0900000e+03 1.1000000e+03 9.5830432e-01
1.1000000e+03 1.1100000e+03 1.0286821e+00
1.1100000e+03 1.1200000e+03 9.7492161e-01
1.1200000e+03 1.1300000e+03 9.7342532e-01
1.1300000e+03 1.1400000e+03 9.6560984e-01
1.1400000e+03 1.1500000e+03 9.3275307e-01
1.1500000e+03 1.1600000e+03 1.0012371e+00
1.1600000e+03 1.1700000e+03 9.6600148e-01
1.1700000e+03 1.1800000e+03 9.6086374e-01
1.1800000e+03 1.1900000e+03 9.6256163e-01
1.1900000e+03 1.2000000e+03 9.7188205e-01
1.2000000e+03 1.2100000e+03 9.2404284e-01
1.2100000e+03 1.2200000e+03 9.9949680e-01
1.2200000e+03 1.2300000e+03 9.6867404e-01
1.2300000e+03 1.2400000e+03 9.6739961e-01
1.2400000e+03 1.2500000e+03 9.8710797e-01
1.2500000e+03 1.2600000e+03 9.7588310e-01
1.2600000e+03 1.2700000e+03 9.3751491e-01
1.2700000e+03 1.2800000e+03 9.6558993e-01
1.2800000e+03 1.2900000e+03 9.9779298e-01
1.2900000e+03 1.3000000e+03 9.6716548e-01
1.3000000e+03 1.3100000e+03 9.9246701e-01
1.3100000e+03 1.3200000e+03 9.6822786e-01
1.3200000e+03 1.3300000e+03 9.7358327e-01
1.3300000e+03 1.3400000e+03 9.7581044e-01
1.3400000e+03 1.3500000e+03 1.0550821e+00
1.3500000e+03 1.3600000e+03 9.8550131e-01
1.3600000e+03 1.3700000e+03 9.7932373e-01
1.3700000e+03 1.3800000e+03 9.8076234e-01
1.3800000e+03 1.3900000e+03 9.7141140e-01
1.3900000e+03 1.4000000e+03 9.4930164e-01
1.4000000e+03 1.4100000e+03 9.8299094e-01
1.4100000e+03 1.4200000e+03 9.7602646e-01
1.4200000e+03 1.4300000e+03 9.7841479e-01
1.4300000e+03 1.4400000e+03 9.7967869e-01
1.4400000e+03 1.4500000e+03 9.9243822e-01
1.4500000e+03 1.4600000e+03 9.7824569e-01
1.4600000e+03 1.4700000e+03 9.8541289e-01
1.4700000e+03 1.4800000e+03 9.7784046e-01
1.4800000e+03 1.4900000e+03 9.7777315e-01
1.4900000e+03 1.5000000e+03 9.7368963e-01
1.5000000e+03 1.5100000e+03 9.6854050e-01
1.5100000e+03 1.5200000e+03 9.8678633e-01
1.5200000e+03 1.5300000e+03 1.1182311e+00
1.5300000e+03 1.5400000e+03 9.5460250e-01
1.5400000e+03 1.5500000e+03 9.3616549e-01
1.5500000e+03 1.5600000e+03 9.6149811e-01
1.5600000e+03 1.5700000e+03 9.3430497e-01
1.5700000e+03 1.5800000e+03 9.7997885e-01
1.5800000e+03 1.5900000e+03 9.8116951e-01
1.5900000e+03 1.6000000e+03 9.7482715e-01
1.6000000e+03 1.6100000e+03 9.8478606e-01
1.6100000e+03 1.6200000e+03 9.8393536e-01
1.6200000e+03 1.6300000e+03 9.4464642e-01
1.6300000e+03 1.6400000e+03 9.6905313e-01
1.6400000e+03 1.6500000e+03 9.7805708e-01
1.6500000e+03 1.6600000e+03 9.8749071e-01
1.6600000e+03 1.6700000e+03 9.8620694e-01
1.6700000e+03 1.6800000e+03 9.8724493e-01
1.6800000e+03 1.6900000e+03 1.1554188e+00
1.6900000e+03 1.7000000e+03 9.8155803e-01
1.7000000e+03 1.7100000e+03 8.9812046e-01
1.7100000e+03 1.7200000e+03 1.0185970e+00
1.7200000e+03 1.7300000e+03 9.9153609e-01
1.7300000e+03 1.7400000e+03 9.9251611e-01
1.7400000e+03 1.7500000e+03 9.8301716e-01
1.7500000e+03 1.7600000e+03 9.8305099e-01
1.7600000e+03 1.7700000e+03 9.8894015e-01
1.7700000e+03 1.7800000e+03 9.3235646e-01
1.7800000e+03 1.7900000e+03 9.9722803e-01
1.7900000e+03 1.8000000e+03 9.6642618e-01
1.8000000e+03 1.8100000e+03 9.9612171e-01
1.8100000e+03 1.8200000e+03 9.9273854e-01
1.8200000e+03 1.8300000e+03 9.9105961e-01
1.8300000e+03 1.8400000e+03 9.9317398e-01
1.8400000e+03 1.8500000e+03 9.8455033e-01
1.8500000e+03 1.8600000e+03 9.8888283e-01
1.8600000e+03 1.8700000e+03 1.0335500e+00
1.8700000e+03 1.8800000e+03 9.9497758e-01
1.8800000e+03 1.8900000e+03 9.5722150e-01
1.8900000e+03 1.9000000e+03 9.9717746e-01
1.9000000e+03 1.9100000e+03 9.9865054e-01
1.9100000e+03 1.9200000e+03 9.8923287e-01
1.9200000e+03 1.9300000e+03 9.9523111e-01
1.9300000e+03 1.9400000e+03 9.8483630e-01
1.9400000e+03 1.9500000e+03 9.8752955e-01
1.9500000e+03 1.9600000e+03 9.9420896e-01
1.9600000e+03 1.9700000e+03 9.9251825e-01
1.9700000e+03 1.9800000e+03 9.9418914e-01
1.9800000e+03 1.9900000e+03 9.9236290e-01
1.9900000e+03 2.0000000e+03 9.9024692e-01
2.0000000e+03 2.0100000e+03 9.9355447e-01
2.0100000e+03 2.0200000e+03 9.9625799e-01
2.0200000e+03 2.0300000e+03 9.8310862e-01
2.0300000e+03 2.0400000e+03 9.9588137e-01
2.0400000e+03 2.0500000e+03 9.9335726e-01
2.0500000e+03 2.0600000e+03 9.9850117e-01
2.0600000e+03 2.0700000e+03 9.9292190e-01
2.0700000e+03 2.0800000e+03 1.0019390e+00
2.0800000e+03 2.0900000e+03 1.0260498e+00
2.0900000e+03 2.1000000e+03 9.7894517e-01
2.1000000e+03 2.1100000e+03 1.0159956e+00
2.1100000e+03 2.1200000e+03 9.9646249e-01
2.1200000e+03 2.1300000e+03 1.0089367e+00
2.1300000e+03 2.1400000e+03 1.0259093e+00
2.1400000e+03 2.1500000e+03 1.0213603e+00
2.1500000e+03 2.1600000e+03 1.0351304e+00
2.1600000e+03 2.1700000e+03 1.0047699e+00
2.1700000e+03 2.1800000e+03 1.0200880e+00
2.1800000e+03 2.1900000e+03 1.0153310e+00
2.1900000e+03 2.2000000e+03 9.7942672e-01
2.2000000e+03 2.2100000e+03 1.0179921e+00
2.2100000e+03 2.2200000e+03 1.0126581e+00
2.2200000e+03 2.2300000e+03 1.0354944e+00
2.2300000e+03 2.2400000e+03 1.0379351e+00
2.2400000e+03 2.2500000e+03 1.0098481e+00
2.2500000e+03 2.2600000e+03 1.0007951e+00
2.2600000e+03 2.2700000e+03 1.0082039e+00
2.2700000e+03 2.2800000e+03 1.0058523e+00
2.2800000e+03 2.2900000e+03 1.0113194e+00
2.2900000e+03 2.3000000e+03 1.0169263e+00
2.3000000e+03 2.3100000e+03 1.0098096e+00
2.3100000e+03 2.3200000e+03 1.0139038e+00
2.3200000e+03 2.3300000e+03 1.0109615e+00
2.3300000e+03 2.3400000e+03 1.0076120e+00
2.3400000e+03 2.3500000e+03 1.0007036e+00
2.3500000e+03 2.3600000e+03 1.0150964e+00
2.3600000e+03 2.3700000e+03 1.0000675e+00
2.3700000e+03 2.3800000e+03 1.0048691e+00
2.3800000e+03 2.3900000e+03 9.8335390e-01
2.3900000e+03 2.4000000e+03 9.8674385e-01
2.4000000e+03 2.4100000e+03 1.0015325e+00
2.4100000e+03 2.4200000e+03 9.9834208e-01
2.4200000e+03 2.4300000e+03 1.0222114e+00
2.4300000e+03 2.4400000e+03 1.0188776e+00
2.4400000e+03 2.4500000e+03 1.0167922e+00
2.4500000e+03 2.4600000e+03 1.0142344e+00
2.4600000e+03 2.4700000e+03 1.0186997e+00
2.4700000e+03 2.4800000e+03 1.0035127e+00
2.4800000e+03 2.4900000e+03 9.9317705e-01
2.4900000e+03 2.5000000e+03 1.0014685e+00
2.5000000e+03 2.5100000e+03 1.0130208e+00
2.5100000e+03 2.5200000e+03 1.0077000e+00
2.5200000e+03 2.5300000e+03 1.0010026e+00
2.5300000e+03 2.5400000e+03 9.9387654e-01
2.5400000e+03 2.5500000e+03 9.9106435e-01
2.5500000e+03 2.5600000e+03 9.9739822e-01
2.5600000e+03 2.5700000e+03 9.8996515e-01
2.5700000e+03 2.5800000e+03 1.0144104e+00
2.5800000e+03 2.5900000e+03 1.0071779e+00
2.5900000e+03 2.6000000e+03 9.9470084e-01
2.6000000e+03 2.6100000e+03 9.9711506e-01
2.6100000e+03 2.6200000e+03 9.9000731e-01
2.6200000e+03 2.6300000e+03 1.0005830e+00
2.6300000e+03 2.6400000e+03 1.0133793e+00
2.6400000e+03 2.6500000e+03 1.0194357e+00
2.6500000e+03 2.6600000e+03 1.0129324e+00
2.6600000e+03 2.6700000e+03 1.0180469e+00
2.6700000e+03 2.6800000e+03 1.0215958e+00
2.6800000e+03 2.6900000e+03 1.0237745e+00
2.6900000e+03 2.7000000e+03 1.0168077e+00
2.7000000e+03 2.7100000e+03 1.0129632e+00
2.7100000e+03 2.7200000e+03 1.0095867e+00
2.7200000e+03 2.7300000e+03 1.0150472e+00
2.7300000e+03 2.7400000e+03 1.0011145e+00
2.7400000e+03 2.7500000e+03 9.9943093e-01
2.7500000e+03 2.7600000e+03 1.0073331e+00
2.7600000e+03 2.7700000e+03 1.0129272e+00
2.7700000e+03 2.7800000e+03 1.0103298e+00
2.7800000e+03 2.7900000e+03 1.0012739e+00
2.7900000e+03 2.8000000e+03 9.9574615e-01
2.8000000e+03 2.8100000e+03 9.9226136e-01
2.8100000e+03 2.8200000e+03 1.0034974e+00
2.8200000e+03 2.8300000e+03 1.0070912e+00
2.8300000e+03 2.8400000e+03 1.0137983e+00
2.8400000e+03 2.8500000e+03 9.9796312e-01
2.8500000e+03 2.8600000e+03 9.9262703e-01
2.8600000e+03 2.8700000e+03 1.0126926e+00
2.8700000e+03 2.8800000e+03 1.0158501e+00
2.8800000e+03 2.8900000e+03 1.0225815e+00
2.8900000e+03 2.9000000e+03 1.0020549e+00
2.9000000e+03 2.9100000e+03 9.9545106e-01
2.9100000e+03 2.9200000e+03 1.0057196e+00
2.9200000e+03 2.9300000e+03 1.0139208e+00
2.9300000e+03 2.9400000e+03 1.0055169e+00
2.9400000e+03 2.9500000e+03 1.0077382e+00
2.9500000e+03 2.9600000e+03 1.0107602e+00
2.9600000e+03 2.9700000e+03 1.0090182e+00
2.9700000e+03 2.9800000e+03 1.0078908e+00
2.9800000e+03 2.9900000e+03 1.0103513e+00
2.9900000e+03 3.0000000e+03 1.0024026e+00
3.0000000e+03 3.0100000e+03 1.0007093e+00
3.0100000e+03 3.0200000e+03 1.0027598e+00
3.0200000e+03 3.0300000e+03 9.9909501e-01
3.0300000e+03 3.0400000e+03 1.0086756e+00
3.0400000e+03 3.0500000e+03 1.0070778e+00
3.0500000e+03 3.0600000e+03 1.0062368e+00
3.0600000e+03 3.0700000e+03 1.0053468e+00
3.0700000e+03 3.0800000e+03 1.0069244e+00
3.0800000e+03 3.0900000e+03 1.0023680e+00
3.0900000e+03 3.1000000e+03 1.0047554e+00
3.1000000e+03 3.1100000e+03 1.0060955e+00
3.1100000e+03 3.1200000e+03 1.0085602e+00
3.1200000e+03 3.1300000e+03 1.0079225e+00
3.1300000e+03 3.1400000e+03 1.0091624e+00
3.1400000e+03 3.1500000e+03 1.0052308e+00
3.1500000e+03 3.1600000e+03 1.0054104e+00
3.1600000e+03 3.1700000e+03 1.0097522e+00
3.1700000e+03 3.1800000e+03 1.0091627e+00
3.1800000e+03 3.1900000e+03 1.0067427e+00
3.1900000e+03 3.2000000e+03 1.0049521e+00
3.2000000e+03 3.2100000e+03 1.0064447e+00
3.2100000e+03 3.2200000e+03 1.0009973e+00
3.2200000e+03 3.2300000e+03 1.0051384e+00
3.2300000e+03 3.2400000e+03 1.0052103e+00
3.2400000e+03 3.2500000e+03 1.0038911e+00
3.2500000e+03 3.2600000e+03 1.0022189e+00
3.2600000e+03 3.2700000e+03 1.0039450e+00
3.2700000e+03 3.2800000e+03 1.0038116e+00
3.2800000e+03 3.2900000e+03 1.0047155e+00
3.2900000e+03 3.3000000e+03 9.9977795e-01
3.3000000e+03 3.3100000e+03 1.0004194e+00
3.3100000e+03 3.3200000e+03 1.0002435e+00
3.3200000e+03 3.3300000e+03 1.0018671e+00
3.3300000e+03 3.3400000e+03 1.0031799e+00
3.3400000e+03 3.3500000e+03 1.0015333e+00
3.3500000e+03 3.3600000e+03 1.0039324e+00
3.3600000e+03 3.3700000e+03 1.0024763e+00
3.3700000e+03 3.3800000e+03 1.0015112e+00
3.3800000e+03 3.3900000e+03 1.0019628e+00
3.3900000e+03 3.4000000e+03 1.0024457e+00
3.4000000e+03 3.4100000e+03 1.0018324e+00
3.4100000e+03 3.4200000e+03 1.0016496e+00
3.4200000e+03 3.4300000e+03 1.0017809e+00
3.4300000e+03 3.4400000e+03 9.9994132e-01
3.4400000e+03 3.4500000e+03 1.0004365e+00
3.4500000e+03 3.4600000e+03 9.9984542e-01
3.4600000e+03 3.4700000e+03 1.0019239e+00
3.4700000e+03 3.4800000e+03 1.0013556e+00
3.4800000e+03 3.4900000e+03 9.9788142e-01
3.4900000e+03 3.5000000e+03 1.0013270e+00
3.5000000e+03 3.5100000e+03 9.9920042e-01
3.5100000e+03 3.5200000e+03 9.9712582e-01
3.5200000e+03 3.5300000e+03 9.9864056e-01
3.5300000e+03 3.5400000e+03 1.0000055e+00
3.5400000e+03 3.5500000e+03 9.9741929e-01
3.5500000e+03 3.5600000e+03 9.9898299e-01
3.5600000e+03 3.5700000e+03 9.9837331e-01
3.5700000e+03 3.5800000e+03 1.0039744e+00
3.5800000e+03 3.5900000e+03 9.9971377e-01
3.5900000e+03 3.6000000e+03 9.9872476e-01
3.6000000e+03 3.6100000e+03 1.0009404e+00
3.6100000e+03 3.6200000e+03 1.0017730e+00
3.6200000e+03 3.6300000e+03 9.9821241e-01
3.6300000e+03 3.6400000e+03 1.0014241e+00
3.6400000e+03 3.6500000e+03 9.7371914e-01
3.6500000e+03 3.6600000e+03 9.9612188e-01
3.6600000e+03 3.6700000e+03 9.9909354e-01
3.6700000e+03 3.6800000e+03 9.9614652e-01
3.6800000e+03 3.6900000e+03 9.9603626e-01
3.6900000e+03 3.7000000e+03 9.9898121e-01
3.7000000e+03 3.7100000e+03 9.8973361e-01
3.7100000e+03 3.7200000e+03 9.6041688e-01
3.7200000e+03 3.7300000e+03 9.1292488e-01
3.7300000e+03 3.7400000e+03 9.6484508e-01
3.7400000e+03 3.7500000e+03 1.0073645e+00
3.7500000e+03 3.7600000e+03 9.0883043e-01
3.7600000e+03 3.7700000e+03 1.0515125e+00
3.7700000e+03 3.7800000e+03 8.9065408e-01
3.7800000e+03 3.7900000e+03 1.0004627e+00
3.7900000e+03 3.8000000e+03 1.1126637e+00
3.8000000e+03 3.8100000e+03 9.7909947e-01
3.8100000e+03 3.8200000e+03 1.0022120e+00
3.8200000e+03 3.8300000e+03 1.0096350e+00
3.8300000e+03 3.8400000e+03 1.1118242e+00
3.8400000e+03 3.8500000e+03 9.8927034e-01
3.8500000e+03 3.8600000e+03 1.0064756e+00
3.8600000e+03 3.8700000e+03 1.0061273e+00
3.8700000e+03 3.8800000e+03 1.0150163e+00
3.8800000e+03 3.8900000e+03 1.1262474e+00
3.8900000e+03 3.9000000e+03 9.5280077e-01
3.9000000e+03 3.9100000e+03 1.0011427e+00
3.9100000e+03 3.9200000e+03 9.9809941e-01
3.9200000e+03 3.9300000e+03 1.0014937e+00
3.9300000e+03 3.9400000e+03 9.9103687e-01
3.9400000e+03 3.9500000e+03 9.9733182e-01
3.9500000e+03 3.9600000e+03 9.9892866e-01
3.9600000e+03 3.9700000e+03 9.9308909e-01
3.9700000e+03 3.9800000e+03 8.5316559e-01
3.9800000e+03 3.9900000e+03 9.9320240e-01
3.9900000e+03 4.0000000e+03 9.9607473e-01
4.0000000e+03 4.0100000e+03 9.9649164e-01
4.0100000e+03 4.0200000e+03 9.9589898e-01
4.0200000e+03 4.0300000e+03 9.9557672e-01
4.0300000e+03 4.0400000e+03 9.9644801e-01
4.0400000e+03 4.0500000e+03 9.9538350e-01
4.0500000e+03 4.0600000e+03 9.9787275e-01
4.0600000e+03 4.0700000e+03 9.9362390e-01
4.0700000e+03 4.0800000e+03 9.9883387e-01
4.0800000e+03 4.0900000e+03 9.9608755e-01
4.0900000e+03 4.1000000e+03 1.0210613e+00
4.1000000e+03 4.1100000e+03 9.1567614e-01
4.1100000e+03 4.1200000e+03 9.8926070e-01
4.1200000e+03 4.1300000e+03 9.9457552e-01
4.1300000e+03 4.1400000e+03 9.9393154e-01
4.1400000e+03 4.1500000e+03 9.9147744e-01
4.1500000e+03 4.1600000e+03 9.9325128e-01
4.1600000e+03 4.1700000e+03 9.9257691e-01
4.1700000e+03 4.1800000e+03 9.9388549e-01
4.1800000e+03 4.1900000e+03 9.9318260e-01
4.1900000e+03 4.2000000e+03 9.9763969e-01
4.2000000e+03 4.2100000e+03 9.9339073e-01
4.2100000e+03 4.2200000e+03 9.9408046e-01
4.2200000e+03 4.2300000e+03 9.9484738e-01
4.2300000e+03 4.2400000e+03 9.9455614e-01
4.2400000e+03 4.2500000e+03 9.9197150e-01
4.2500000e+03 4.2600000e+03 9.9337944e-01
4.2600000e+03 4.2700000e+03 9.9353735e-01
4.2700000e+03 4.2800000e+03 9.9195401e-01
4.2800000e+03 4.2900000e+03 9.9564036e-01
4.2900000e+03 4.3000000e+03 9.9730079e-01
4.3000000e+03 4.3100000e+03 9.9788527e-01
4.3100000e+03 4.3200000e+03 9.8792545e-01
4.3200000e+03 4.3300000e+03 9.9630585e-01
4.3300000e+03 4.3400000e+03 1.0276031e+00
4.3400000e+03 4.3500000e+03 9.3283232e-01
4.3500000e+03 4.3600000e+03 9.8963998e-01
4.3600000e+03 4.3700000e+03 9.7342998e-01
4.3700000e+03 4.3800000e+03 9.8897248e-01
4.3800000e+03 4.3900000e+03 9.9239478e-01
4.3900000e+03 4.4000000e+03 9.8525533e-01
4.4000000e+03 4.4100000e+03 9.9126297e-01
4.4100000e+03 4.4200000e+03 9.8720883e-01
4.4200000e+03 4.4300000e+03 9.8747088e-01
4.4300000e+03 4.4400000e+03 9.9751331e-01
4.4400000e+03 4.4500000e+03 9.8989493e-01
4.4500000e+03 4.4600000e+03 9.9333523e-01
4.4600000e+03 4.4700000e+03 9.9158932e-01
4.4700000e+03 4.4800000e+03 9.8169395e-01
4.4800000e+03 4.4900000e+03 9.9174908e-01
4.4900000e+03 4.5000000e+03 9.8557900e-01
4.5000000e+03 4.5100000e+03 9.7235979e-01
4.5100000e+03 4.5200000e+03 9.8774223e-01
4.5200000e+03 4.5300000e+03 9.8869273e-01
4.5300000e+03 4.5400000e+03 9.9020426e-01
4.5400000e+03 4.5500000e+03 9.9405611e-01
4.5500000e+03 4.5600000e+03 9.8066312e-01
4.5600000e+03 4.5700000e+03 9.7930457e-01
4.5700000e+03 4.5800000e+03 9.7927306e-01
4.5800000e+03 4.5900000e+03 9.9383412e-01
4.5900000e+03 4.6000000e+03 9.8734242e-01
4.6000000e+03 4.6100000e+03 9.8561138e-01
4.6100000e+03 4.6200000e+03 9.8933981e-01
4.6200000e+03 4.6300000e+03 9.8339194e-01
4.6300000e+03 4.6400000e+03 9.9117684e-01
4.6400000e+03 4.6500000e+03 9.7888065e-01
4.6500000e+03 4.6600000e+03 9.8177171e-01
4.6600000e+03 4.6700000e+03 9.9106127e-01
4.6700000e+03 4.6800000e+03 9.7631459e-01
4.6800000e+03 4.6900000e+03 9.9015004e-01
4.6900000e+03 4.7000000e+03 9.8943450e-01
4.7000000e+03 4.7100000e+03 9.9256906e-01
4.7100000e+03 4.7200000e+03 9.8514529e-01
4.7200000e+03 4.7300000e+03 9.9001355e-01
4.7300000e+03 4.7400000e+03 9.8625301e-01
4.7400000e+03 4.7500000e+03 9.8328244e-01
4.7500000e+03 4.7600000e+03 9.7753580e-01
4.7600000e+03 4.7700000e+03 9.8851505e-01
4.7700000e+03 4.7800000e+03 9.8244644e-01
4.7800000e+03 4.7900000e+03 9.8298352e-01
4.7900000e+03 4.8000000e+03 9.9454829e-01
4.8000000e+03 4.8100000e+03 9.9021271e-01
4.8100000e+03 4.8200000e+03 9.8761187e-01
4.8200000e+03 4.8300000e+03 9.7298509e-01
4.8300000e+03 4.8400000e+03 9.8391383e-01
4.8400000e+03 4.8500000e+03 9.8485352e-01
4.8500000e+03 4.8600000e+03 9.9408965e-01
4.8600000e+03 4.8700000e+03 9.4850501e-01
4.8700000e+03 4.8800000e+03 9.8441980e-01
4.8800000e+03 4.8900000e+03 9.9444857e-01
4.8900000e+03 4.9000000e+03 9.7017243e-01
4.9000000e+03 4.9100000e+03 9.7507961e-01
4.9100000e+03 4.9200000e+03 9.8603276e-01
4.9200000e+03 4.9300000e+03 9.7934357e-01
4.9300000e+03 4.9400000e+03 9.8770382e-01
4.9400000e+03 4.9500000e+03 9.7815388e-01
4.9500000e+03 4.9600000e+03 9.7699919e-01
4.9600000e+03 4.9700000e+03 9.8349058e-01
4.9700000e+03 4.9800000e+03 9.8359151e-01
4.9800000e+03 4.9900000e+03 9.9092924e-01
4.9900000e+03 5.0000000e+03 9.8389405e-01
5.0000000e+03 5.0100000e+03 9.9128536e-01
5.0100000e+03 5.0200000e+03 9.9045955e-01
5.0200000e+03 5.0300000e+03 9.9187839e-01
5.0300000e+03 5.0400000e+03 9.9046706e-01
5.0400000e+03 5.0500000e+03 9.9000244e-01
5.0500000e+03 5.0600000e+03 9.6174072e-01
5.0600000e+03 5.0700000e+03 9.7863550e-01
5.0700000e+03 5.0800000e+03 9.8841149e-01
5.0800000e+03 5.0900000e+03 9.9149480e-01
5.0900000e+03 5.1000000e+03 9.8731114e-01
5.1000000e+03 5.1100000e+03 9.7587330e-01
5.1100000e+03 5.1200000e+03 9.5721872e-01
5.1200000e+03 5.1300000e+03 9.8699614e-01
5.1300000e+03 5.1400000e+03 9.8544934e-01
5.1400000e+03 5.1500000e+03 9.8792795e-01
5.1500000e+03 5.1600000e+03 9.8431013e-01
5.1600000e+03 5.1700000e+03 9.9072295e-01
5.1700000e+03 5.1800000e+03 9.8638066e-01
5.1800000e+03 5.1900000e+03 9.8537075e-01
5.1900000e+03 5.2000000e+03 9.9062847e-01
5.2000000e+03 5.2100000e+03 9.8914088e-01
5.2100000e+03 5.2200000e+03 9.7844012e-01
5.2200000e+03 5.2300000e+03 9.8588083e-01
5.2300000e+03 5.2400000e+03 9.7446276e-01
5.2400000e+03 5.2500000e+03 9.7575166e-01
5.2500000e+03 5.2600000e+03 9.9147472e-01
5.2600000e+03 5.2700000e+03 9.9343097e-01
5.2700000e+03 5.2800000e+03 9.8468035e-01
5.2800000e+03 5.2900000e+03 9.7324652e-01
5.2900000e+03 5.3000000e+03 9.8304542e-01
5.3000000e+03 5.3100000e+03 9.6654211e-01
5.3100000e+03 5.3200000e+03 9.8165203e-01
5.3200000e+03 5.3300000e+03 9.8904947e-01
5.3300000e+03 5.3400000e+03 9.8612962e-01
5.3400000e+03 5.3500000e+03 9.7792640e-01
5.3500000e+03 5.3600000e+03 9.8114783e-01
5.3600000e+03 5.3700000e+03 9.7484781e-01
5.3700000e+03 5.3800000e+03 9.6454348e-01
5.3800000e+03 5.3900000e+03 9.6775454e-01
5.3900000e+03 5.4000000e+03 9.7328011e-01
5.4000000e+03 5.4100000e+03 9.8620307e-01
5.4100000e+03 5.4200000e+03 9.7253236e-01
5.4200000e+03 5.4300000e+03 9.7460148e-01
5.4300000e+03 5.4400000e+03 9.6453109e-01
5.4400000e+03 5.4500000e+03 9.5912336e-01
5.4500000e+03 5.4600000e+03 9.5377857e-01
5.4600000e+03 5.4700000e+03 9.7176575e-01
5.4700000e+03 5.4800000e+03 9.7198316e-01
5.4800000e+03 5.4900000e+03 9.8493623e-01
5.4900000e+03 5.5000000e+03 9.6423074e-01
5.5000000e+03 5.5100000e+03 9.6440044e-01
5.5100000e+03 5.5200000e+03 9.8485490e-01
5.5200000e+03 5.5300000e+03 9.7681596e-01
5.5300000e+03 5.5400000e+03 9.8431587e-01
5.5400000e+03 5.5500000e+03 9.8475071e-01
5.5500000e+03 5.5600000e+03 9.8575423e-01
5.5600000e+03 5.5700000e+03 9.8407133e-01
5.5700000e+03 5.5800000e+03 9.6727823e-01
5.5800000e+03 5.5900000e+03 9.7646024e-01
5.5900000e+03 5.6000000e+03 9.8529060e-01
5.6000000e+03 5.6100000e+03 9.6838302e-01
5.6100000e+03 5.6200000e+03 9.6657071e-01
5.6200000e+03 5.6300000e+03 9.6958828e-01
5.6300000e+03 5.6400000e+03 9.8171206e-01
5.6400000e+03 5.6500000e+03 9.8242140e-01
5.6500000e+03 5.6600000e+03 9.8666679e-01
5.6600000e+03 5.6700000e+03 9.8717216e-01
5.6700000e+03 5.6800000e+03 9.7953012e-01
5.6800000e+03 5.6900000e+03 9.8360433e-01
5.6900000e+03 5.7000000e+03 9.9178630e-01
5.7000000e+03 5.7100000e+03 9.8711132e-01
5.7100000e+03 5.7200000e+03 9.8551036e-01
5.7200000e+03 5.7300000e+03 9.9339402e-01
5.7300000e+03 5.7400000e+03 9.9466304e-01
5.7400000e+03 5.7500000e+03 9.9049716e-01
5.7500000e+03 5.7600000e+03 9.8316407e-01
5.7600000e+03 5.7700000e+03 9.7159642e-01
5.7700000e+03 5.7800000e+03 9.9133696e-01
5.7800000e+03 5.7900000e+03 9.8979386e-01
5.7900000e+03 5.8000000e+03 9.8017631e-01
5.8000000e+03 5.8100000e+03 9.9331543e-01
5.8100000e+03 5.8200000e+03 9.8658345e-01
5.8200000e+03 5.8300000e+03 9.9801286e-01
5.8300000e+03 5.8400000e+03 9.9512737e-01
5.8400000e+03 5.8500000e+03 9.9268542e-01
5.8500000e+03 5.8600000e+03 9.7330363e-01
5.8600000e+03 5.8700000e+03 9.6682553e-01
5.8700000e+03 5.8800000e+03 9.9899121e-01
5.8800000e+03 5.8900000e+03 9.6336711e-01
5.8900000e+03 5.9000000e+03 9.8081429e-01
5.9000000e+03 5.9100000e+03 9.8943773e-01
5.9100000e+03 5.9200000e+03 9.6774512e-01
5.9200000e+03 5.9300000e+03 9.8908549e-01
5.9300000e+03 5.9400000e+03 9.6693368e-01
5.9400000e+03 5.9500000e+03 9.8781551e-01
5.9500000e+03 5.9600000e+03 9.8708014e-01
5.9600000e+03 5.9700000e+03 9.9671585e-01
5.9700000e+03 5.9800000e+03 9.6589201e-01
5.9800000e+03 5.9900000e+03 9.7618173e-01
5.9900000e+03 6.0000000e+03 9.9194286e-01
6.0000000e+03 6.0100000e+03 9.7737406e-01
6.0100000e+03 6.0200000e+03 9.7914164e-01
6.0200000e+03 6.0300000e+03 9.8013306e-01
6.0300000e+03 6.0400000e+03 9.9910988e-01
6.0400000e+03 6.0500000e+03 9.9980775e-01
6.0500000e+03 6.0600000e+03 9.8311084e-01
6.0600000e+03 6.0700000e+03 9.4820742e-01
6.0700000e+03 6.0800000e+03 9.8165115e-01
6.0800000e+03 6.0900000e+03 9.9596301e-01
6.0900000e+03 6.1000000e+03 9.9688703e-01
6.1000000e+03 6.1100000e+03 9.7185953e-01
6.1100000e+03 6.1200000e+03 9.9269811e-01
6.1200000e+03 6.1300000e+03 9.6720668e-01
6.1300000e+03 6.1400000e+03 9.7096320e-01
6.1400000e+03 6.1500000e+03 9.7348584e-01
6.1500000e+03 6.1600000e+03 9.8351242e-01
6.1600000e+03 6.1700000e+03 9.8751359e-01
6.1700000e+03 6.1800000e+03 9.8335791e-01
6.1800000e+03 6.1900000e+03 9.8957085e-01
6.1900000e+03 6.2000000e+03 9.5726163e-01
6.2000000e+03 6.2100000e+03 9.7785136e-01
6.2100000e+03 6.2200000e+03 9.7430405e-01
6.2200000e+03 6.2300000e+03 9.9523578e-01
6.2300000e+03 6.2400000e+03 9.7278312e-01
6.2400000e+03 6.2500000e+03 9.8701774e-01
6.2500000e+03 6.2600000e+03 9.8166006e-01
6.2600000e+03 6.2700000e+03 9.6241786e-01
6.2700000e+03 6.2800000e+03 9.7761283e-01
6.2800000e+03 6.2900000e+03 9.8672574e-01
6.2900000e+03 6.3000000e+03 9.8023687e-01
6.3000000e+03 6.3100000e+03 9.7673676e-01
6.3100000e+03 6.3200000e+03 9.8419831e-01
6.3200000e+03 6.3300000e+03 9.7575800e-01
6.3300000e+03 6.3400000e+03 9.6969836e-01
6.3400000e+03 6.3500000e+03 9.9289865e-01
6.3500000e+03 6.3600000e+03 9.8010200e-01
6.3600000e+03 6.3700000e+03 9.9826203e-01
6.3700000e+03 6.3800000e+03 9.9636960e-01
6.3800000e+03 6.3900000e+03 9.9030266e-01
6.3900000e+03 6.4000000e+03 9.5506099e-01
6.4000000e+03 6.4100000e+03 9.6234649e-01
6.4100000e+03 6.4200000e+03 9.7306950e-01
6.4200000e+03 6.4300000e+03 9.5172554e-01
6.4300000e+03 6.4400000e+03 9.6398919e-01
6.4400000e+03 6.4500000e+03 9.5951713e-01
6.4500000e+03 6.4600000e+03 9.8544267e-01
6.4600000e+03 6.4700000e+03 9.6684502e-01
6.4700000e+03 6.4800000e+03 9.6305319e-01
6.4800000e+03 6.4900000e+03 9.8265159e-01
6.4900000e+03 6.5000000e+03 9.8665003e-01
6.5000000e+03 6.5100000e+03 9.7961256e-01
6.5100000e+03 6.5200000e+03 9.9127850e-01
6.5200000e+03 6.5300000e+03 9.9884173e-01
6.5300000e+03 6.5400000e+03 9.9728680e-01
6.5400000e+03 6.5500000e+03 9.5622972e-01
6.5500000e+03 6.5600000e+03 1.0003184e+00
6.5600000e+03 6.5700000e+03 9.8045608e-01
6.5700000e+03 6.5800000e+03 9.8823624e-01
6.5800000e+03 6.5900000e+03 9.9418523e-01
6.5900000e+03 6.6000000e+03 9.6713326e-01
6.6000000e+03 6.6100000e+03 9.7921050e-01
6.6100000e+03 6.6200000e+03 9.9975285e-01
6.6200000e+03 6.6300000e+03 9.9878218e-01
6.6300000e+03 6.6400000e+03 9.9150493e-01
6.6400000e+03 6.6500000e+03 9.7520825e-01
6.6500000e+03 6.6600000e+03 9.9916949e-01
6.6600000e+03 6.6700000e+03 9.8256677e-01
6.6700000e+03 6.6800000e+03 9.4879354e-01
6.6800000e+03 6.6900000e+03 9.9860465e-01
6.6900000e+03 6.7000000e+03 9.9571112e-01
6.7000000e+03 6.7100000e+03 9.9650374e-01
6.7100000e+03 6.7200000e+03 9.7880502e-01
6.7200000e+03 6.7300000e+03 9.9138808e-01
6.7300000e+03 6.7400000e+03 9.9667237e-01
6.7400000e+03 6.7500000e+03 9.9897764e-01
6.7500000e+03 6.7600000e+03 9.7937643e-01
6.7600000e+03 6.7700000e+03 9.7377047e-01
6.7700000e+03 6.7800000e+03 9.9180869e-01
6.7800000e+03 6.7900000e+03 9.9690704e-01
6.7900000e+03 6.8000000e+03 9.9541772e-01
6.8000000e+03 6.8100000e+03 9.7427012e-01
6.8100000e+03 6.8200000e+03 9.9535013e-01
6.8200000e+03 6.8300000e+03 9.9229299e-01
6.8300000e+03 6.8400000e+03 9.9783542e-01
6.8400000e+03 6.8500000e+03 9.8868104e-01
6.8500000e+03 6.8600000e+03 9.8503230e-01
6.8600000e+03 6.8700000e+03 9.7203256e-01
6.8700000e+03 6.8800000e+03 9.9917368e-01
6.8800000e+03 6.8900000e+03 9.9592548e-01
6.8900000e+03 6.9000000e+03 9.9872282e-01
6.9000000e+03 6.9100000e+03 9.9950380e-01
6.9100000e+03 6.9200000e+03 9.8594114e-01
6.9200000e+03 6.9300000e+03 9.9220881e-01
6.9300000e+03 6.9400000e+03 9.9732376e-01
6.9400000e+03 6.9500000e+03 9.6810863e-01
6.9500000e+03 6.9600000e+03 9.9780083e-01
6.9600000e+03 6.9700000e+03 9.9859420e-01
6.9700000e+03 6.9800000e+03 9.9063604e-01
6.9800000e+03 6.9900000e+03 9.9836571e-01
6.9900000e+03 7.0000000e+03 9.9407423e-01
7.0000000e+03 7.0100000e+03 9.9993921e-01
7.0100000e+03 7.0200000e+03 9.9223885e-01
7.0200000e+03 7.0300000e+03 9.9296454e-01
7.0300000e+03 7.0400000e+03 9.9128724e-01
7.0400000e+03 7.0500000e+03 9.9819876e-01
7.0500000e+03 7.0600000e+03 9.9911467e-01
7.0600000e+03 7.0700000e+03 9.9281567e-01
7.0700000e+03 7.0800000e+03 9.9787501e-01
7.0800000e+03 7.0900000e+03 9.9705038e-01
7.0900000e+03 7.1000000e+03 9.8999290e-01
7.1000000e+03 7.1100000e+03 9.9903167e-01
7.1100000e+03 7.1200000e+03 9.9800834e-01
7.1200000e+03 7.1300000e+03 9.6715714e-01
7.1300000e+03 7.1400000e+03 9.7942051e-01
7.1400000e+03 7.1500000e+03 9.6383974e-01
7.1500000e+03 7.1600000e+03 9.8969904e-01
7.1600000e+03 7.1700000e+03 9.7572177e-01
7.1700000e+03 7.1800000e+03 9.9372027e-01
7.1800000e+03 7.1900000e+03 9.7907329e-01
7.1900000e+03 7.2000000e+03 9.9545575e-01
7.2000000e+03 7.2100000e+03 9.7759408e-01
7.2100000e+03 7.2200000e+03 9.9660930e-01
7.2200000e+03 7.2300000e+03 9.8212583e-01
7.2300000e+03 7.2400000e+03 9.9513886e-01
7.2400000e+03 7.2500000e+03 9.9251869e-01
7.2500000e+03 7.2600000e+03 9.9347276e-01
7.2600000e+03 7.2700000e+03 9.8946750e-01
7.2700000e+03 7.2800000e+03 9.9220427e-01
7.2800000e+03 7.2900000e+03 9.8520118e-01
7.2900000e+03 7.3000000e+03 9.9027808e-01
7.3000000e+03 7.3100000e+03 9.8447751e-01
7.3100000e+03 7.3200000e+03 9.9006169e-01
7.3200000e+03 7.3300000e+03 9.6918695e-01
7.3300000e+03 7.3400000e+03 9.9687791e-01
7.3400000e+03 7.3500000e+03 9.9921551e-01
7.3500000e+03 7.3600000e+03 9.8558166e-01
7.3600000e+03 7.3700000e+03 9.9712103e-01
7.3700000e+03 7.3800000e+03 9.9771781e-01
7.3800000e+03 7.3900000e+03 9.8862474e-01
7.3900000e+03 7.4000000e+03 9.8782133e-01
7.4000000e+03 7.4100000e+03 9.8786147e-01
7.4100000e+03 7.4200000e+03 9.8469009e-01
7.4200000e+03 7.4300000e+03 9.7920488e-01
7.4300000e+03 7.4400000e+03 9.9868789e-01
7.4400000e+03 7.4500000e+03 9.7575011e-01
7.4500000e+03 7.4600000e+03 9.9878369e-01
7.4600000e+03 7.4700000e+03 9.7488440e-01
7.4700000e+03 7.4800000e+03 9.9831689e-01
7.4800000e+03 7.4900000e+03 9.9906557e-01
7.4900000e+03 7.5000000e+03 9.6840287e-01
7.5000000e+03 7.5100000e+03 9.9906535e-01
7.5100000e+03 7.5200000e+03 9.5746571e-01
7.5200000e+03 7.5300000e+03 9.7627682e-01
7.5300000e+03 7.5400000e+03 9.9469768e-01
7.5400000e+03 7.5500000e+03 9.9977185e-01
7.5500000e+03 7.5600000e+03 9.7176712e-01
7.5600000e+03 7.5700000e+03 9.8601906e-01
7.5700000e+03 7.5800000e+03 9.8393856e-01
7.5800000e+03 7.5900000e+03 9.7350704e-01
7.5900000e+03 7.6000000e+03 9.9960597e-01
7.6000000e+03 7.6100000e+03 9.9905510e-01
7.6100000e+03 7.6200000e+03 9.7235103e-01
7.6200000e+03 7.6300000e+03 9.8954306e-01
7.6300000e+03 7.6400000e+03 9.9970171e-01
7.6400000e+03 7.6500000e+03 9.9952482e-01
7.6500000e+03 7.6600000e+03 9.8850371e-01
7.6600000e+03 7.6700000e+03 9.7443984e-01
7.6700000e+03 7.6800000e+03 9.9958459e-01
7.6800000e+03 7.6900000e+03 9.9178423e-01
7.6900000e+03 7.7000000e+03 9.8660911e-01
7.7000000e+03 7.7100000e+03 9.9983478e-01
7.7100000e+03 7.7200000e+03 9.8142091e-01
7.7200000e+03 7.7300000e+03 9.8241180e-01
7.7300000e+03 7.7400000e+03 9.9951153e-01
7.7400000e+03 7.7500000e+03 9.8265427e-01
7.7500000e+03 7.7600000e+03 9.9652945e-01
7.7600000e+03 7.7700000e+03 9.9981106e-01
7.7700000e+03 7.7800000e+03 9.9581341e-01
7.7800000e+03 7.7900000e+03 9.8391499e-01
7.7900000e+03 7.8000000e+03 9.7918411e-01
7.8000000e+03 7.8100000e+03 9.9490091e-01
7.8100000e+03 7.8200000e+03 9.9690218e-01
7.8200000e+03 7.8300000e+03 9.8902257e-01
7.8300000e+03 7.8400000e+03 9.7046856e-01
7.8400000e+03 7.8500000e+03 9.9830238e-01
7.8500000e+03 7.8600000e+03 9.6766264e-01
7.8600000e+03 7.8700000e+03 9.9891540e-01
7.8700000e+03 7.8800000e+03 9.9937465e-01
7.8800000e+03 7.8900000e+03 9.9924700e-01
7.8900000e+03 7.9000000e+03 9.9926654e-01
7.9000000e+03 7.9100000e+03 9.9845989e-01
7.9100000e+03 7.9200000e+03 9.9278273e-01
7.9200000e+03 7.9300000e+03 9.9969911e-01
7.9300000e+03 7.9400000e+03 9.7663003e-01
7.9400000e+03 7.9500000e+03 9.7389119e-01
7.9500000e+03 7.9600000e+03 9.9788110e-01
7.9600000e+03 7.9700000e+03 9.9965367e-01
7.9700000e+03 7.9800000e+03 9.9854628e-01
7.9800000e+03 7.9900000e+03 9.9970408e-01
7.9900000e+03 8.0000000e+03 9.6169908e-01
8.0000000e+03 8.0100000e+03 9.9890991e-01
8.0100000e+03 8.0200000e+03 9.9933946e-01
8.0200000e+03 8.0300000e+03 9.8781741e-01
8.0300000e+03 8.0400000e+03 9.9740441e-01
8.0400000e+03 8.0500000e+03 9.7327852e-01
8.0500000e+03 8.0600000e+03 9.9778416e-01
8.0600000e+03 8.0700000e+03 9.9974882e-01
8.0700000e+03 8.0800000e+03 9.9844702e-01
8.0800000e+03 8.0900000e+03 9.7092593e-01
8.0900000e+03 8.1000000e+03 9.9099641e-01
8.1000000e+03 8.1100000e+03 9.9956744e-01
8.1100000e+03 8.1200000e+03 9.9949801e-01
8.1200000e+03 8.1300000e+03 9.9968268e-01
8.1300000e+03 8.1400000e+03 9.9992810e-01
8.1400000e+03 8.1500000e+03 9.9957804e-01
8.1500000e+03 8.1600000e+03 9.9958061e-01
8.1600000e+03 8.1700000e+03 9.9575823e-01
8.1700000e+03 8.1800000e+03 9.9785522e-01
8.1800000e+03 8.1900000e+03 9.9458554e-01
8.1900000e+03 8.2000000e+03 9.7973783e-01
8.2000000e+03 8.2100000e+03 9.9008163e-01
8.2100000e+03 8.2200000e+03 9.8143910e-01
8.2200000e+03 8.2300000e+03 9.5953625e-01
8.2300000e+03 8.2400000e+03 9.8455433e-01
8.2400000e+03 8.2500000e+03 9.8803706e-01
8.2500000e+03 8.2600000e+03 9.9828935e-01
8.2600000e+03 8.2700000e+03 9.9870959e-01
8.2700000e+03 8.2800000e+03 9.9914166e-01
8.2800000e+03 8.2900000e+03 9.9987767e-01
8.2900000e+03 8.3000000e+03 9.9154776e-01
8.3000000e+03 8.3100000e+03 9.9092592e-01
8.3100000e+03 8.3200000e+03 9.9337592e-01
8.3200000e+03 8.3300000e+03 9.5505979e-01
8.3300000e+03 8.3400000e+03 9.8896684e-01
8.3400000e+03 8.3500000e+03 9.9006292e-01
8.3500000e+03 8.3600000e+03 9.9882315e-01
8.3600000e+03 8.3700000e+03 9.8688404e-01
8.3700000e+03 8.3800000e+03 9.9820673e-01
8.3800000e+03 8.3900000e+03 9.6381420e-01
8.3900000e+03 8.4000000e+03 9.9841647e-01
8.4000000e+03 8.4100000e+03 9.9727798e-01
8.4100000e+03 8.4200000e+03 9.8972210e-01
8.4200000e+03 8.4300000e+03 9.9316355e-01
8.4300000e+03 8.4400000e+03 9.8644674e-01
8.4400000e+03 8.4500000e+03 9.9701279e-01
8.4500000e+03 8.4600000e+03 9.9854262e-01
8.4600000e+03 8.4700000e+03 9.6066025e-01
8.4700000e+03 8.4800000e+03 9.9473602e-01
8.4800000e+03 8.4900000e+03 9.9584183e-01
8.4900000e+03 8.5000000e+03 9.8133522e-01
8.5000000e+03 8.5100000e+03 9.9566593e-01
8.5100000e+03 8.5200000e+03 9.6946098e-01
8.5200000e+03 8.5300000e+03 9.8586396e-01
8.5300000e+03 8.5400000e+03 9.9772410e-01
8.5400000e+03 8.5500000e+03 9.9257728e-01
8.5500000e+03 8.5600000e+03 9.8701086e-01
8.5600000e+03 8.5700000e+03 9.9984375e-01
8.5700000e+03 8.5800000e+03 9.9947840e-01
8.5800000e+03 8.5900000e+03 9.8168680e-01
8.5900000e+03 8.6000000e+03 9.9610245e-01
8.6000000e+03 8.6100000e+03 9.9887333e-01
8.6100000e+03 8.6200000e+03 9.7388410e-01
8.6200000e+03 8.6300000e+03 9.7289959e-01
8.6300000e+03 8.6400000e+03 9.9841856e-01
8.6400000e+03 8.6500000e+03 9.8900149e-01
8.6500000e+03 8.6600000e+03 9.9938283e-01
8.6600000e+03 8.6700000e+03 9.9067133e-01
8.6700000e+03 8.6800000e+03 9.6730310e-01
8.6800000e+03 8.6900000e+03 9.6974859e-01
8.6900000e+03 8.7000000e+03 9.8693879e-01
8.7000000e+03 8.7100000e+03 9.9939690e-01
8.7100000e+03 8.7200000e+03 9.9501691e-01
8.7200000e+03 8.7300000e+03 9.9453321e-01
8.7300000e+03 8.7400000e+03 9.8059726e-01
8.7400000e+03 8.7500000e+03 9.9276522e-01
8.7500000e+03 8.7600000e+03 9.7051433e-01
8.7600000e+03 8.7700000e+03 9.9927239e-01
8.7700000e+03 8.7800000e+03 9.8811351e-01
8.7800000e+03 8.7900000e+03 9.9906281e-01
8.7900000e+03 8.8000000e+03 9.8057395e-01
8.8000000e+03 8.8100000e+03 9.7857083e-01
8.8100000e+03 8.8200000e+03 9.9698594e-01
8.8200000e+03 8.8300000e+03 9.5888928e-01
8.8300000e+03 8.8400000e+03 9.6683631e-01
8.8400000e+03 8.8500000e+03 9.9453117e-01
8.8500000e+03 8.8600000e+03 9.9995220e-01
8.8600000e+03 8.8700000e+03 9.7854758e-01
8.8700000e+03 8.8800000e+03 9.9784038e-01
8.8800000e+03 8.8900000e+03 9.9957164e-01
8.8900000e+03 8.9000000e+03 9.9541625e-01
8.9000000e+03 8.9100000e+03 9.9944592e-01
8.9100000e+03 8.9200000e+03 9.8939633e-01
8.9200000e+03 8.9300000e+03 9.9360315e-01
8.9300000e+03 8.9400000e+03 9.9920990e-01
8.9400000e+03 8.9500000e+03 9.8795950e-01
8.9500000e+03 8.9600000e+03 9.9907811e-01
8.9600000e+03 8.9700000e+03 9.9685978e-01
8.9700000e+03 8.9800000e+03 9.9126318e-01
8.9800000e+03 8.9900000e+03 9.9782104e-01
8.9900000e+03 9.0000000e+03 9.6248074e-01
9.0000000e+03 9.0100000e+03 9.8626648e-01
9.0100000e+03 9.0200000e+03 9.8521866e-01
9.0200000e+03 9.0300000e+03 9.9220978e-01
9.0300000e+03 9.0400000e+03 9.9835889e-01
9.0400000e+03 9.0500000e+03 9.9978918e-01
9.0500000e+03 9.0600000e+03 9.9865069e-01
9.0600000e+03 9.0700000e+03 9.9314364e-01
9.0700000e+03 9.0800000e+03 9.9246979e-01
9.0800000e+03 9.0900000e+03 9.8111572e-01
9.0900000e+03 9.1000000e+03 9.8578003e-01
9.1000000e+03 9.1100000e+03 9.9817738e-01
9.1100000e+03 9.1200000e+03 9.8812387e-01
9.1200000e+03 9.1300000e+03 9.9978255e-01
9.1300000e+03 9.1400000e+03 9.9972728e-01
9.1400000e+03 9.1500000e+03 9.9606093e-01
9.1500000e+03 9.1600000e+03 9.9983374e-01
9.1600000e+03 9.1700000e+03 9.9673332e-01
9.1700000e+03 9.1800000e+03 9.9635655e-01
9.1800000e+03 9.1900000e+03 9.9973774e-01
9.1900000e+03 9.2000000e+03 9.9639171e-01
9.2000000e+03 9.2100000e+03 9.9639199e-01
9.2100000e+03 9.2200000e+03 0.0000000e+00
9.2200000e+03 9.2300000e+03 0.0000000e+00
9.2300000e+03 9.2400000e+03 0.0000000e+00
9.2400000e+03 9.2500000e+03 0.0000000e+00
9.2500000e+03 9.2600000e+03 0.0000000e+00
9.2600000e+03 9.2700000e+03 0.0000000e+00
9.2700000e+03 9.2800000e+03 0.0000000e+00
9.2800000e+03 9.2900000e+03 0.0000000e+00
9.2900000e+03 9.3000000e+03 0.0000000e+00
9.3000000e+03 9.3100000e+03 0.0000000e+00
9.3100000e+03 9.3200000e+03 0.0000000e+00
9.3200000e+03 9.3300000e+03 0.0000000e+00
9.3300000e+03 9.3400000e+03 0.0000000e+00
9.3400000e+03 9.3500000e+03 0.0000000e+00
9.3500000e+03 9.3600000e+03 0.0000000e+00
9.3600000e+03 9.3700000e+03 0.0000000e+00
9.3700000e+03 9.3800000e+03 0.0000000e+00
9.3800000e+03 9.3900000e+03 0.0000000e+00
9.3900000e+03 9.4000000e+03 0.0000000e+00
