8.5000000e+02 8.6000000e+02 0.0000000e+00
8.6000000e+02 8.7000000e+02 0.0000000e+00
8.7000000e+02 8.8000000e+02 0.0000000e+00
8.8000000e+02 8.9000000e+02 0.0000000e+00
8.9000000e+02 9.0000000e+02 0.0000000e+00
9.0000000e+02 9.1000000e+02 9.2348683e-01
9.1000000e+02 9.2000000e+02 1.0064729e+00
9.2000000e+02 9.3000000e+02 1.0004307e+00
9.3000000e+02 9.4000000e+02 1.0036754e+00
9.4000000e+02 9.5000000e+02 9.6217755e-01
9.5000000e+02 9.6000000e+02 9.7006851e-01
9.6000000e+02 9.7000000e+02 9.4320829e-01
9.7000000e+02 9.8000000e+02 9.9815759e-01
9.8000000e+02 9.9000000e+02 9.5586240e-01
9.9000000e+02 1.0000000e+03 9.6383964e-01
1.0000000e+03 1.0100000e+03 9.4857550e-01
1.0100000e+03 1.0200000e+03 9.8291122e-01
1.0200000e+03 1.0300000e+03 9.9786725e-01
1.0300000e+03 1.0400000e+03 9.2315630e-01
1.0400000e+03 1.0500000e+03 9.3242474e-01
1.0500000e+03 1.0600000e+03 9.7331466e-01
1.0600000e+03 1.0700000e+03 9.5361725e-01
1.0700000e+03 1.0800000e+03 9.4971161e-01
1.0800000e+03 1.0900000e+03 9.3415282e-01
1.0900000e+03 1.1000000e+03 9.6407011e-01
1.1000000e+03 1.1100000e+03 1.0216238e+00
1.1100000e+03 1.1200000e+03 9.3949049e-01
1.1200000e+03 1.1300000e+03 9.4174235e-01
1.1300000e+03 1.1400000e+03 9.6745834e-01
1.1400000e+03 1.1500000e+03 9.4008291e-01
1.1500000e+03 1.1600000e+03 9.9963639e-01
1.1600000e+03 1.1700000e+03 9.7074592e-01
1.1700000e+03 1.1800000e+03 9.6593315e-01
1.1800000e+03 1.1900000e+03 9.6851942e-01
1.1900000e+03 1.2000000e+03 9.4658614e-01
1.2000000e+03 1.2100000e+03 9.3396369e-01
1.2100000e+03 1.2200000e+03 9.9956022e-01
1.2200000e+03 1.2300000e+03 9.7344378e-01
1.2300000e+03 1.2400000e+03 9.7166326e-01
1.2400000e+03 1.2500000e+03 9.6521560e-01
1.2500000e+03 1.2600000e+03 9.3951026e-01
1.2600000e+03 1.2700000e+03 8.6917201e-01
1.2700000e+03 1.2800000e+03 9.0503580e-01
1.2800000e+03 1.2900000e+03 9.5465991e-01
1.2900000e+03 1.3000000e+03 9.3358341e-01
1.3000000e+03 1.3100000e+03 9.4497073e-01
1.3100000e+03 1.3200000e+03 9.4260045e-01
1.3200000e+03 1.3300000e+03 9.4750924e-01
1.3300000e+03 1.3400000e+03 9.1909865e-01
1.3400000e+03 1.3500000e+03 1.0427528e+00
1.3500000e+03 1.3600000e+03 9.7259914e-01
1.3600000e+03 1.3700000e+03 9.6996592e-01
1.3700000e+03 1.3800000e+03 9.5393054e-01
1.3800000e+03 1.3900000e+03 8.9864238e-01
1.3900000e+03 1.4000000e+03 8.9247468e-01
1.4000000e+03 1.4100000e+03 9.5850636e-01
1.4100000e+03 1.4200000e+03 9.3555060e-01
1.4200000e+03 1.4300000e+03 9.6534531e-01
1.4300000e+03 1.4400000e+03 9.6292781e-01
1.4400000e+03 1.4500000e+03 9.8452354e-01
1.4500000e+03 1.4600000e+03 9.7571181e-01
1.4600000e+03 1.4700000e+03 9.7380667e-01
1.4700000e+03 1.4800000e+03 9.5882503e-01
1.4800000e+03 1.4900000e+03 9.7248338e-01
1.4900000e+03 1.5000000e+03 9.7432526e-01
1.5000000e+03 1.5100000e+03 9.6969866e-01
1.5100000e+03 1.5200000e+03 9.5154660e-01
1.5200000e+03 1.5300000e+03 1.0764109e+00
1.5300000e+03 1.5400000e+03 7.3819977e-01
1.5400000e+03 1.5500000e+03 7.2342964e-01
1.5500000e+03 1.5600000e+03 8.1563356e-01
1.5600000e+03 1.5700000e+03 7.0243893e-01
1.5700000e+03 1.5800000e+03 9.0948092e-01
1.5800000e+03 1.5900000e+03 8.8856756e-01
1.5900000e+03 1.6000000e+03 9.1731765e-01
1.6000000e+03 1.6100000e+03 9.2477769e-01
1.6100000e+03 1.6200000e+03 8.8058413e-01
1.6200000e+03 1.6300000e+03 7.1990152e-01
1.6300000e+03 1.6400000e+03 8.3430693e-01
1.6400000e+03 1.6500000e+03 9.0914897e-01
1.6500000e+03 1.6600000e+03 8.1540393e-01
1.6600000e+03 1.6700000e+03 9.4275717e-01
1.6700000e+03 1.6800000e+03 7.4692280e-01
1.6800000e+03 1.6900000e+03 9.5102016e-01
1.6900000e+03 1.7000000e+03 8.5239808e-01
1.7000000e+03 1.7100000e+03 7.2249190e-01
1.7100000e+03 1.7200000e+03 8.5782545e-01
1.7200000e+03 1.7300000e+03 8.5435964e-01
1.7300000e+03 1.7400000e+03 8.8209123e-01
1.7400000e+03 1.7500000e+03 8.5008905e-01
1.7500000e+03 1.7600000e+03 8.8801613e-01
1.7600000e+03 1.7700000e+03 7.3253869e-01
1.7700000e+03 1.7800000e+03 8.1415474e-01
1.7800000e+03 1.7900000e+03 9.0703147e-01
1.7900000e+03 1.8000000e+03 9.0199291e-01
1.8000000e+03 1.8100000e+03 8.1749755e-01
1.8100000e+03 1.8200000e+03 8.7858774e-01
1.8200000e+03 1.8300000e+03 8.5662328e-01
1.8300000e+03 1.8400000e+03 8.5361491e-01
1.8400000e+03 1.8500000e+03 7.8898477e-01
1.8500000e+03 1.8600000e+03 7.5145158e-01
1.8600000e+03 1.8700000e+03 9.1471464e-01
1.8700000e+03 1.8800000e+03 8.9930097e-01
1.8800000e+03 1.8900000e+03 8.7484136e-01
1.8900000e+03 1.9000000e+03 8.9780643e-01
1.9000000e+03 1.9100000e+03 8.8593397e-01
1.9100000e+03 1.9200000e+03 9.0792706e-01
1.9200000e+03 1.9300000e+03 8.7744093e-01
1.9300000e+03 1.9400000e+03 9.1888812e-01
1.9400000e+03 1.9500000e+03 9.0885841e-01
1.9500000e+03 1.9600000e+03 9.3837506e-01
1.9600000e+03 1.9700000e+03 9.5310579e-01
1.9700000e+03 1.9800000e+03 9.5643743e-01
1.9800000e+03 1.9900000e+03 9.4736826e-01
1.9900000e+03 2.0000000e+03 9.2494856e-01
2.0000000e+03 2.0100000e+03 9.0181934e-01
2.0100000e+03 2.0200000e+03 9.0791517e-01
2.0200000e+03 2.0300000e+03 8.5537314e-01
2.0300000e+03 2.0400000e+03 9.1313077e-01
2.0400000e+03 2.0500000e+03 9.4414827e-01
2.0500000e+03 2.0600000e+03 9.5951341e-01
2.0600000e+03 2.0700000e+03 9.3493802e-01
2.0700000e+03 2.0800000e+03 9.5583380e-01
2.0800000e+03 2.0900000e+03 8.7113172e-01
2.0900000e+03 2.1000000e+03 7.5475227e-01
2.1000000e+03 2.1100000e+03 7.7879565e-01
2.1100000e+03 2.1200000e+03 8.6976491e-01
2.1200000e+03 2.1300000e+03 6.6359937e-01
2.1300000e+03 2.1400000e+03 7.6334117e-01
2.1400000e+03 2.1500000e+03 9.1024985e-01
2.1500000e+03 2.1600000e+03 8.8417102e-01
2.1600000e+03 2.1700000e+03 8.1568212e-01
2.1700000e+03 2.1800000e+03 8.0379657e-01
2.1800000e+03 2.1900000e+03 9.1785117e-01
2.1900000e+03 2.2000000e+03 8.6223570e-01
2.2000000e+03 2.2100000e+03 8.5328091e-01
2.2100000e+03 2.2200000e+03 7.0371766e-01
2.2200000e+03 2.2300000e+03 8.9840034e-01
2.2300000e+03 2.2400000e+03 9.4506034e-01
2.2400000e+03 2.2500000e+03 8.9747904e-01
2.2500000e+03 2.2600000e+03 7.6897019e-01
2.2600000e+03 2.2700000e+03 8.2563709e-01
2.2700000e+03 2.2800000e+03 7.2184273e-01
2.2800000e+03 2.2900000e+03 8.6509936e-01
2.2900000e+03 2.3000000e+03 8.0775641e-01
2.3000000e+03 2.3100000e+03 8.9289555e-01
2.3100000e+03 2.3200000e+03 7.7762957e-01
2.3200000e+03 2.3300000e+03 8.4068884e-01
2.3300000e+03 2.3400000e+03 8.2234195e-01
2.3400000e+03 2.3500000e+03 7.5267776e-01
2.3500000e+03 2.3600000e+03 8.3902210e-01
2.3600000e+03 2.3700000e+03 7.7658020e-01
2.3700000e+03 2.3800000e+03 7.6737950e-01
2.3800000e+03 2.3900000e+03 7.6387319e-01
2.3900000e+03 2.4000000e+03 7.0974403e-01
2.4000000e+03 2.4100000e+03 8.1689617e-01
2.4100000e+03 2.4200000e+03 7.1787248e-01
2.4200000e+03 2.4300000e+03 8.1761357e-01
2.4300000e+03 2.4400000e+03 8.0434218e-01
2.4400000e+03 2.4500000e+03 8.9232954e-01
2.4500000e+03 2.4600000e+03 8.9639669e-01
2.4600000e+03 2.4700000e+03 8.5941196e-01
2.4700000e+03 2.4800000e+03 7.4526281e-01
2.4800000e+03 2.4900000e+03 8.0389000e-01
2.4900000e+03 2.5000000e+03 7.0955630e-01
2.5000000e+03 2.5100000e+03 8.7904371e-01
2.5100000e+03 2.5200000e+03 9.4256266e-01
2.5200000e+03 2.5300000e+03 9.6960399e-01
2.5300000e+03 2.5400000e+03 8.7955203e-01
2.5400000e+03 2.5500000e+03 7.8427398e-01
2.5500000e+03 2.5600000e+03 6.7527627e-01
2.5600000e+03 2.5700000e+03 6.3362276e-01
2.5700000e+03 2.5800000e+03 6.9721003e-01
2.5800000e+03 2.5900000e+03 6.9192247e-01
2.5900000e+03 2.6000000e+03 7.4491096e-01
2.6000000e+03 2.6100000e+03 7.8563919e-01
2.6100000e+03 2.6200000e+03 7.0930278e-01
2.6200000e+03 2.6300000e+03 8.0856604e-01
2.6300000e+03 2.6400000e+03 8.5791105e-01
2.6400000e+03 2.6500000e+03 8.9587561e-01
2.6500000e+03 2.6600000e+03 9.3446419e-01
2.6600000e+03 2.6700000e+03 8.6513431e-01
2.6700000e+03 2.6800000e+03 8.9751233e-01
2.6800000e+03 2.6900000e+03 9.2476917e-01
2.6900000e+03 2.7000000e+03 8.5366709e-01
2.7000000e+03 2.7100000e+03 8.4584975e-01
2.7100000e+03 2.7200000e+03 7.4645299e-01
2.7200000e+03 2.7300000e+03 8.2169689e-01
2.7300000e+03 2.7400000e+03 7.8441705e-01
2.7400000e+03 2.7500000e+03 7.8702891e-01
2.7500000e+03 2.7600000e+03 8.1634785e-01
2.7600000e+03 2.7700000e+03 8.7663667e-01
2.7700000e+03 2.7800000e+03 8.8675146e-01
2.7800000e+03 2.7900000e+03 9.4099893e-01
2.7900000e+03 2.8000000e+03 9.4820531e-01
2.8000000e+03 2.8100000e+03 8.7555144e-01
2.8100000e+03 2.8200000e+03 9.3281561e-01
2.8200000e+03 2.8300000e+03 9.5602678e-01
2.8300000e+03 2.8400000e+03 9.3527584e-01
2.8400000e+03 2.8500000e+03 8.7669421e-01
2.8500000e+03 2.8600000e+03 9.0026423e-01
2.8600000e+03 2.8700000e+03 9.2366936e-01
2.8700000e+03 2.8800000e+03 9.4663030e-01
2.8800000e+03 2.8900000e+03 8.9950018e-01
2.8900000e+03 2.9000000e+03 9.2622981e-01
2.9000000e+03 2.9100000e+03 9.4587059e-01
2.9100000e+03 2.9200000e+03 9.3918349e-01
2.9200000e+03 2.9300000e+03 9.2694619e-01
2.9300000e+03 2.9400000e+03 9.3695196e-01
2.9400000e+03 2.9500000e+03 9.0614330e-01
2.9500000e+03 2.9600000e+03 9.4097541e-01
2.9600000e+03 2.9700000e+03 9.0562042e-01
2.9700000e+03 2.9800000e+03 9.3707532e-01
2.9800000e+03 2.9900000e+03 9.0553694e-01
2.9900000e+03 3.0000000e+03 9.4231608e-01
3.0000000e+03 3.0100000e+03 9.0173714e-01
3.0100000e+03 3.0200000e+03 9.2274476e-01
3.0200000e+03 3.0300000e+03 9.0798553e-01
3.0300000e+03 3.0400000e+03 9.3789689e-01
3.0400000e+03 3.0500000e+03 9.3959984e-01
3.0500000e+03 3.0600000e+03 9.2363195e-01
3.0600000e+03 3.0700000e+03 9.3325809e-01
3.0700000e+03 3.0800000e+03 9.4693518e-01
3.0800000e+03 3.0900000e+03 9.4387254e-01
3.0900000e+03 3.1000000e+03 8.9610170e-01
3.1000000e+03 3.1100000e+03 9.4080436e-01
3.1100000e+03 3.1200000e+03 9.4445254e-01
3.1200000e+03 3.1300000e+03 9.4250890e-01
3.1300000e+03 3.1400000e+03 9.4455871e-01
3.1400000e+03 3.1500000e+03 9.0819569e-01
3.1500000e+03 3.1600000e+03 9.2548456e-01
3.1600000e+03 3.1700000e+03 9.2571715e-01
3.1700000e+03 3.1800000e+03 9.6484396e-01
3.1800000e+03 3.1900000e+03 9.2447120e-01
3.1900000e+03 3.2000000e+03 9.3410339e-01
3.2000000e+03 3.2100000e+03 9.5539956e-01
3.2100000e+03 3.2200000e+03 9.0951422e-01
3.2200000e+03 3.2300000e+03 9.0370033e-01
3.2300000e+03 3.2400000e+03 9.2009179e-01
3.2400000e+03 3.2500000e+03 9.3723071e-01
3.2500000e+03 3.2600000e+03 9.5155599e-01
3.2600000e+03 3.2700000e+03 9.6553679e-01
3.2700000e+03 3.2800000e+03 9.5647895e-01
3.2800000e+03 3.2900000e+03 9.5182145e-01
3.2900000e+03 3.3000000e+03 9.7637392e-01
3.3000000e+03 3.3100000e+03 9.5734108e-01
3.3100000e+03 3.3200000e+03 9.6533952e-01
3.3200000e+03 3.3300000e+03 9.6149446e-01
3.3300000e+03 3.3400000e+03 9.6405473e-01
3.3400000e+03 3.3500000e+03 9.6871751e-01
3.3500000e+03 3.3600000e+03 9.5098166e-01
3.3600000e+03 3.3700000e+03 9.2723640e-01
3.3700000e+03 3.3800000e+03 9.5577697e-01
3.3800000e+03 3.3900000e+03 9.4802571e-01
3.3900000e+03 3.4000000e+03 9.5248365e-01
3.4000000e+03 3.4100000e+03 9.4735891e-01
3.4100000e+03 3.4200000e+03 9.4640942e-01
3.4200000e+03 3.4300000e+03 9.4258672e-01
3.4300000e+03 3.4400000e+03 9.5597645e-01
3.4400000e+03 3.4500000e+03 9.3364532e-01
3.4500000e+03 3.4600000e+03 9.6128646e-01
3.4600000e+03 3.4700000e+03 9.5279852e-01
3.4700000e+03 3.4800000e+03 9.4440360e-01
3.4800000e+03 3.4900000e+03 9.6770609e-01
3.4900000e+03 3.5000000e+03 9.4504610e-01
3.5000000e+03 3.5100000e+03 9.5400095e-01
3.5100000e+03 3.5200000e+03 9.4278069e-01
3.5200000e+03 3.5300000e+03 9.2465242e-01
3.5300000e+03 3.5400000e+03 9.4810669e-01
3.5400000e+03 3.5500000e+03 9.5241480e-01
3.5500000e+03 3.5600000e+03 9.5870556e-01
3.5600000e+03 3.5700000e+03 9.4250074e-01
3.5700000e+03 3.5800000e+03 9.3853524e-01
3.5800000e+03 3.5900000e+03 9.1087931e-01
3.5900000e+03 3.6000000e+03 9.5773426e-01
3.6000000e+03 3.6100000e+03 9.4386410e-01
3.6100000e+03 3.6200000e+03 9.3226516e-01
3.6200000e+03 3.6300000e+03 9.5429887e-01
3.6300000e+03 3.6400000e+03 9.3652346e-01
3.6400000e+03 3.6500000e+03 9.1885034e-01
3.6500000e+03 3.6600000e+03 9.5738572e-01
3.6600000e+03 3.6700000e+03 9.5947331e-01
3.6700000e+03 3.6800000e+03 9.5039605e-01
3.6800000e+03 3.6900000e+03 9.2274745e-01
3.6900000e+03 3.7000000e+03 9.7127330e-01
3.7000000e+03 3.7100000e+03 9.3319988e-01
3.7100000e+03 3.7200000e+03 9.4116968e-01
3.7200000e+03 3.7300000e+03 8.6877189e-01
3.7300000e+03 3.7400000e+03 8.6890337e-01
3.7400000e+03 3.7500000e+03 9.3187875e-01
3.7500000e+03 3.7600000e+03 8.9026685e-01
3.7600000e+03 3.7700000e+03 1.0025714e+00
3.7700000e+03 3.7800000e+03 8.8559814e-01
3.7800000e+03 3.7900000e+03 9.6871983e-01
3.7900000e+03 3.8000000e+03 1.0469197e+00
3.8000000e+03 3.8100000e+03 9.5798465e-01
3.8100000e+03 3.8200000e+03 9.5437346e-01
3.8200000e+03 3.8300000e+03 9.3759848e-01
3.8300000e+03 3.8400000e+03 1.0428973e+00
3.8400000e+03 3.8500000e+03 9.3949390e-01
3.8500000e+03 3.8600000e+03 9.5005266e-01
3.8600000e+03 3.8700000e+03 9.6671420e-01
3.8700000e+03 3.8800000e+03 9.3018386e-01
3.8800000e+03 3.8900000e+03 1.0532960e+00
3.8900000e+03 3.9000000e+03 9.2028559e-01
3.9000000e+03 3.9100000e+03 9.6221131e-01
3.9100000e+03 3.9200000e+03 9.6908471e-01
3.9200000e+03 3.9300000e+03 9.7107182e-01
3.9300000e+03 3.9400000e+03 9.0481387e-01
3.9400000e+03 3.9500000e+03 9.6223645e-01
3.9500000e+03 3.9600000e+03 9.7430771e-01
3.9600000e+03 3.9700000e+03 9.0871905e-01
3.9700000e+03 3.9800000e+03 8.4989576e-01
3.9800000e+03 3.9900000e+03 9.6634905e-01
3.9900000e+03 4.0000000e+03 9.7160638e-01
4.0000000e+03 4.0100000e+03 9.7848926e-01
4.0100000e+03 4.0200000e+03 9.8254844e-01
4.0200000e+03 4.0300000e+03 9.7854139e-01
4.0300000e+03 4.0400000e+03 9.7450622e-01
4.0400000e+03 4.0500000e+03 9.6913446e-01
4.0500000e+03 4.0600000e+03 9.8167036e-01
4.0600000e+03 4.0700000e+03 9.8045200e-01
4.0700000e+03 4.0800000e+03 9.6862629e-01
4.0800000e+03 4.0900000e+03 9.8925614e-01
4.0900000e+03 4.1000000e+03 1.0128287e+00
4.1000000e+03 4.1100000e+03 9.1497491e-01
4.1100000e+03 4.1200000e+03 9.8442565e-01
4.1200000e+03 4.1300000e+03 9.8767538e-01
4.1300000e+03 4.1400000e+03 9.8579309e-01
4.1400000e+03 4.1500000e+03 9.8604775e-01
4.1500000e+03 4.1600000e+03 9.8899411e-01
4.1600000e+03 4.1700000e+03 9.8953775e-01
4.1700000e+03 4.1800000e+03 9.8411694e-01
4.1800000e+03 4.1900000e+03 9.8790300e-01
4.1900000e+03 4.2000000e+03 9.8746657e-01
4.2000000e+03 4.2100000e+03 9.8093367e-01
4.2100000e+03 4.2200000e+03 9.8608890e-01
4.2200000e+03 4.2300000e+03 9.7240258e-01
4.2300000e+03 4.2400000e+03 9.8221805e-01
4.2400000e+03 4.2500000e+03 9.8274423e-01
4.2500000e+03 4.2600000e+03 9.8704623e-01
4.2600000e+03 4.2700000e+03 9.8601180e-01
4.2700000e+03 4.2800000e+03 9.8037330e-01
4.2800000e+03 4.2900000e+03 9.7844021e-01
4.2900000e+03 4.3000000e+03 9.7317022e-01
4.3000000e+03 4.3100000e+03 9.5533533e-01
4.3100000e+03 4.3200000e+03 9.7913434e-01
4.3200000e+03 4.3300000e+03 9.8610918e-01
4.3300000e+03 4.3400000e+03 1.0257164e+00
4.3400000e+03 4.3500000e+03 9.3961387e-01
4.3500000e+03 4.3600000e+03 9.8595070e-01
4.3600000e+03 4.3700000e+03 9.7625966e-01
4.3700000e+03 4.3800000e+03 9.8580223e-01
4.3800000e+03 4.3900000e+03 9.8050228e-01
4.3900000e+03 4.4000000e+03 9.8463761e-01
4.4000000e+03 4.4100000e+03 9.8312717e-01
4.4100000e+03 4.4200000e+03 9.8611562e-01
4.4200000e+03 4.4300000e+03 9.8747965e-01
4.4300000e+03 4.4400000e+03 9.8919874e-01
4.4400000e+03 4.4500000e+03 9.8924187e-01
4.4500000e+03 4.4600000e+03 9.7900500e-01
4.4600000e+03 4.4700000e+03 9.8650140e-01
4.4700000e+03 4.4800000e+03 9.8398095e-01
4.4800000e+03 4.4900000e+03 9.9047738e-01
4.4900000e+03 4.5000000e+03 9.8583923e-01
4.5000000e+03 4.5100000e+03 9.7632805e-01
4.5100000e+03 4.5200000e+03 9.9023888e-01
4.5200000e+03 4.5300000e+03 9.8688646e-01
4.5300000e+03 4.5400000e+03 9.8898917e-01
4.5400000e+03 4.5500000e+03 9.9175994e-01
4.5500000e+03 4.5600000e+03 9.8439562e-01
4.5600000e+03 4.5700000e+03 9.8221073e-01
4.5700000e+03 4.5800000e+03 9.8342800e-01
4.5800000e+03 4.5900000e+03 9.9140860e-01
4.5900000e+03 4.6000000e+03 9.8836903e-01
4.6000000e+03 4.6100000e+03 9.8780834e-01
4.6100000e+03 4.6200000e+03 9.9063152e-01
4.6200000e+03 4.6300000e+03 9.8552522e-01
4.6300000e+03 4.6400000e+03 9.9019454e-01
4.6400000e+03 4.6500000e+03 9.8265844e-01
4.6500000e+03 4.6600000e+03 9.8563611e-01
4.6600000e+03 4.6700000e+03 9.9025886e-01
4.6700000e+03 4.6800000e+03 9.8132029e-01
4.6800000e+03 4.6900000e+03 9.9168755e-01
4.6900000e+03 4.7000000e+03 9.9029991e-01
4.7000000e+03 4.7100000e+03 9.9160476e-01
4.7100000e+03 4.7200000e+03 9.8797612e-01
4.7200000e+03 4.7300000e+03 9.9053210e-01
4.7300000e+03 4.7400000e+03 9.8738132e-01
4.7400000e+03 4.7500000e+03 9.8583022e-01
4.7500000e+03 4.7600000e+03 9.8267964e-01
4.7600000e+03 4.7700000e+03 9.9057897e-01
4.7700000e+03 4.7800000e+03 9.8459032e-01
4.7800000e+03 4.7900000e+03 9.8746099e-01
4.7900000e+03 4.8000000e+03 9.9473779e-01
4.8000000e+03 4.8100000e+03 9.9133873e-01
4.8100000e+03 4.8200000e+03 9.8974157e-01
4.8200000e+03 4.8300000e+03 9.7796903e-01
4.8300000e+03 4.8400000e+03 9.8666263e-01
4.8400000e+03 4.8500000e+03 9.8778578e-01
4.8500000e+03 4.8600000e+03 9.9689800e-01
4.8600000e+03 4.8700000e+03 9.5220890e-01
4.8700000e+03 4.8800000e+03 9.8591334e-01
4.8800000e+03 4.8900000e+03 9.9405656e-01
4.8900000e+03 4.9000000e+03 9.7549163e-01
4.9000000e+03 4.9100000e+03 9.7986193e-01
4.9100000e+03 4.9200000e+03 9.8636009e-01
4.9200000e+03 4.9300000e+03 9.8301800e-01
4.9300000e+03 4.9400000e+03 9.8808910e-01
4.9400000e+03 4.9500000e+03 9.8215927e-01
4.9500000e+03 4.9600000e+03 9.8160329e-01
4.9600000e+03 4.9700000e+03 9.8663777e-01
4.9700000e+03 4.9800000e+03 9.8561558e-01
4.9800000e+03 4.9900000e+03 9.9018506e-01
4.9900000e+03 5.0000000e+03 9.8707724e-01
5.0000000e+03 5.0100000e+03 9.9045864e-01
5.0100000e+03 5.0200000e+03 9.9039699e-01
5.0200000e+03 5.0300000e+03 9.9151450e-01
5.0300000e+03 5.0400000e+03 9.9087461e-01
5.0400000e+03 5.0500000e+03 9.8837456e-01
5.0500000e+03 5.0600000e+03 9.6781520e-01
5.0600000e+03 5.0700000e+03 9.8246342e-01
5.0700000e+03 5.0800000e+03 9.9069675e-01
5.0800000e+03 5.0900000e+03 9.9055913e-01
5.0900000e+03 5.1000000e+03 9.8939502e-01
5.1000000e+03 5.1100000e+03 9.8046630e-01
5.1100000e+03 5.1200000e+03 9.6380128e-01
5.1200000e+03 5.1300000e+03 9.8826180e-01
5.1300000e+03 5.1400000e+03 9.8885999e-01
5.1400000e+03 5.1500000e+03 9.8849870e-01
5.1500000e+03 5.1600000e+03 9.8691857e-01
5.1600000e+03 5.1700000e+03 9.8731778e-01
5.1700000e+03 5.1800000e+03 9.8170810e-01
5.1800000e+03 5.1900000e+03 9.7636193e-01
5.1900000e+03 5.2000000e+03 9.9057065e-01
5.2000000e+03 5.2100000e+03 9.8954951e-01
5.2100000e+03 5.2200000e+03 9.8324777e-01
5.2200000e+03 5.2300000e+03 9.8738178e-01
5.2300000e+03 5.2400000e+03 9.7932556e-01
5.2400000e+03 5.2500000e+03 9.8023916e-01
5.2500000e+03 5.2600000e+03 9.9239335e-01
5.2600000e+03 5.2700000e+03 9.8719059e-01
5.2700000e+03 5.2800000e+03 9.8740668e-01
5.2800000e+03 5.2900000e+03 9.7745221e-01
5.2900000e+03 5.3000000e+03 9.8612548e-01
5.3000000e+03 5.3100000e+03 9.7177432e-01
5.3100000e+03 5.3200000e+03 9.8440009e-01
5.3200000e+03 5.3300000e+03 9.8997764e-01
5.3300000e+03 5.3400000e+03 9.8686883e-01
5.3400000e+03 5.3500000e+03 9.8243229e-01
5.3500000e+03 5.3600000e+03 9.8299715e-01
5.3600000e+03 5.3700000e+03 9.8140924e-01
5.3700000e+03 5.3800000e+03 9.7122269e-01
5.3800000e+03 5.3900000e+03 9.7272547e-01
5.3900000e+03 5.4000000e+03 9.7903438e-01
5.4000000e+03 5.4100000e+03 9.8632253e-01
5.4100000e+03 5.4200000e+03 9.7705508e-01
5.4200000e+03 5.4300000e+03 9.7967134e-01
5.4300000e+03 5.4400000e+03 9.7106159e-01
5.4400000e+03 5.4500000e+03 9.6614648e-01
5.4500000e+03 5.4600000e+03 9.6192653e-01
5.4600000e+03 5.4700000e+03 9.7669648e-01
5.4700000e+03 5.4800000e+03 9.7801420e-01
5.4800000e+03 5.4900000e+03 9.8742425e-01
5.4900000e+03 5.5000000e+03 9.6929598e-01
5.5000000e+03 5.5100000e+03 9.7003932e-01
5.5100000e+03 5.5200000e+03 9.8701370e-01
5.5200000e+03 5.5300000e+03 9.8153139e-01
5.5300000e+03 5.5400000e+03 9.8606746e-01
5.5400000e+03 5.5500000e+03 9.8649521e-01
5.5500000e+03 5.5600000e+03 9.8792969e-01
5.5600000e+03 5.5700000e+03 9.8697895e-01
5.5700000e+03 5.5800000e+03 9.7311387e-01
5.5800000e+03 5.5900000e+03 9.8084759e-01
5.5900000e+03 5.6000000e+03 9.8834472e-01
5.6000000e+03 5.6100000e+03 9.7432592e-01
5.6100000e+03 5.6200000e+03 9.7255383e-01
5.6200000e+03 5.6300000e+03 9.7399326e-01
5.6300000e+03 5.6400000e+03 9.8388572e-01
5.6400000e+03 5.6500000e+03 9.8464959e-01
5.6500000e+03 5.6600000e+03 9.8893336e-01
5.6600000e+03 5.6700000e+03 9.8833485e-01
5.6700000e+03 5.6800000e+03 9.8240047e-01
5.6800000e+03 5.6900000e+03 9.8664117e-01
5.6900000e+03 5.7000000e+03 9.9299530e-01
5.7000000e+03 5.7100000e+03 9.8952504e-01
5.7100000e+03 5.7200000e+03 9.8860415e-01
5.7200000e+03 5.7300000e+03 9.9398970e-01
5.7300000e+03 5.7400000e+03 9.9491486e-01
5.7400000e+03 5.7500000e+03 9.9157764e-01
5.7500000e+03 5.7600000e+03 9.8515666e-01
5.7600000e+03 5.7700000e+03 9.7519353e-01
5.7700000e+03 5.7800000e+03 9.9170378e-01
5.7800000e+03 5.7900000e+03 9.9136096e-01
5.7900000e+03 5.8000000e+03 9.8213034e-01
5.8000000e+03 5.8100000e+03 9.9423860e-01
5.8100000e+03 5.8200000e+03 9.8729096e-01
5.8200000e+03 5.8300000e+03 9.9816250e-01
5.8300000e+03 5.8400000e+03 9.9561915e-01
5.8400000e+03 5.8500000e+03 9.9327618e-01
5.8500000e+03 5.8600000e+03 9.7878098e-01
5.8600000e+03 5.8700000e+03 9.7051361e-01
5.8700000e+03 5.8800000e+03 9.9915134e-01
5.8800000e+03 5.8900000e+03 9.6931477e-01
5.8900000e+03 5.9000000e+03 9.8369014e-01
5.9000000e+03 5.9100000e+03 9.8997137e-01
5.9100000e+03 5.9200000e+03 9.7234620e-01
5.9200000e+03 5.9300000e+03 9.8987427e-01
5.9300000e+03 5.9400000e+03 9.7069413e-01
5.9400000e+03 5.9500000e+03 9.8862953e-01
5.9500000e+03 5.9600000e+03 9.8798776e-01
5.9600000e+03 5.9700000e+03 9.9691791e-01
5.9700000e+03 5.9800000e+03 9.6967522e-01
5.9800000e+03 5.9900000e+03 9.7851418e-01
5.9900000e+03 6.0000000e+03 9.9238344e-01
6.0000000e+03 6.0100000e+03 9.8129493e-01
6.0100000e+03 6.0200000e+03 9.8127148e-01
6.0200000e+03 6.0300000e+03 9.8473758e-01
6.0300000e+03 6.0400000e+03 9.9910504e-01
6.0400000e+03 6.0500000e+03 9.9980208e-01
6.0500000e+03 6.0600000e+03 9.8440711e-01
6.0600000e+03 6.0700000e+03 9.5386549e-01
6.0700000e+03 6.0800000e+03 9.8312212e-01
6.0800000e+03 6.0900000e+03 9.9636128e-01
6.0900000e+03 6.1000000e+03 9.9715630e-01
6.1000000e+03 6.1100000e+03 9.7684937e-01
6.1100000e+03 6.1200000e+03 9.9321254e-01
6.1200000e+03 6.1300000e+03 9.7390168e-01
6.1300000e+03 6.1400000e+03 9.7644119e-01
6.1400000e+03 6.1500000e+03 9.7849164e-01
6.1500000e+03 6.1600000e+03 9.8614989e-01
6.1600000e+03 6.1700000e+03 9.8865516e-01
6.1700000e+03 6.1800000e+03 9.8562408e-01
6.1800000e+03 6.1900000e+03 9.9032668e-01
6.1900000e+03 6.2000000e+03 9.6389926e-01
6.2000000e+03 6.2100000e+03 9.7912601e-01
6.2100000e+03 6.2200000e+03 9.7867417e-01
6.2200000e+03 6.2300000e+03 9.9567871e-01
6.2300000e+03 6.2400000e+03 9.7753178e-01
6.2400000e+03 6.2500000e+03 9.9051190e-01
6.2500000e+03 6.2600000e+03 9.8565922e-01
6.2600000e+03 6.2700000e+03 9.6694797e-01
6.2700000e+03 6.2800000e+03 9.7971938e-01
6.2800000e+03 6.2900000e+03 9.8744865e-01
6.2900000e+03 6.3000000e+03 9.8193347e-01
6.3000000e+03 6.3100000e+03 9.8151587e-01
6.3100000e+03 6.3200000e+03 9.8637974e-01
6.3200000e+03 6.3300000e+03 9.7833348e-01
6.3300000e+03 6.3400000e+03 9.7506744e-01
6.3400000e+03 6.3500000e+03 9.9377744e-01
6.3500000e+03 6.3600000e+03 9.8255502e-01
6.3600000e+03 6.3700000e+03 9.9825315e-01
6.3700000e+03 6.3800000e+03 9.9664785e-01
6.3800000e+03 6.3900000e+03 9.9116020e-01
6.3900000e+03 6.4000000e+03 9.6166154e-01
6.4000000e+03 6.4100000e+03 9.6834742e-01
6.4100000e+03 6.4200000e+03 9.7726203e-01
6.4200000e+03 6.4300000e+03 9.5739710e-01
6.4300000e+03 6.4400000e+03 9.7001680e-01
6.4400000e+03 6.4500000e+03 9.6365789e-01
6.4500000e+03 6.4600000e+03 9.8688853e-01
6.4600000e+03 6.4700000e+03 9.7287478e-01
6.4700000e+03 6.4800000e+03 9.6660285e-01
6.4800000e+03 6.4900000e+03 9.8395656e-01
6.4900000e+03 6.5000000e+03 9.8972528e-01
6.5000000e+03 6.5100000e+03 9.8114984e-01
6.5100000e+03 6.5200000e+03 9.9190634e-01
6.5200000e+03 6.5300000e+03 9.9901243e-01
6.5300000e+03 6.5400000e+03 9.9760226e-01
6.5400000e+03 6.5500000e+03 9.6146837e-01
6.5500000e+03 6.5600000e+03 1.0002843e+00
6.5600000e+03 6.5700000e+03 9.8162279e-01
6.5700000e+03 6.5800000e+03 9.8899583e-01
6.5800000e+03 6.5900000e+03 9.9431294e-01
6.5900000e+03 6.6000000e+03 9.7264152e-01
6.6000000e+03 6.6100000e+03 9.8169600e-01
6.6100000e+03 6.6200000e+03 9.9975770e-01
6.6200000e+03 6.6300000e+03 9.9890957e-01
6.6300000e+03 6.6400000e+03 9.9208477e-01
6.6400000e+03 6.6500000e+03 9.7794075e-01
6.6500000e+03 6.6600000e+03 9.9927119e-01
6.6600000e+03 6.6700000e+03 9.8374696e-01
6.6700000e+03 6.6800000e+03 9.5498566e-01
6.6800000e+03 6.6900000e+03 9.9860911e-01
6.6900000e+03 6.7000000e+03 9.9593079e-01
6.7000000e+03 6.7100000e+03 9.9673820e-01
6.7100000e+03 6.7200000e+03 9.8181544e-01
6.7200000e+03 6.7300000e+03 9.9180741e-01
6.7300000e+03 6.7400000e+03 9.9697709e-01
6.7400000e+03 6.7500000e+03 9.9914496e-01
6.7500000e+03 6.7600000e+03 9.8086235e-01
6.7600000e+03 6.7700000e+03 9.7604217e-01
6.7700000e+03 6.7800000e+03 9.9205396e-01
6.7800000e+03 6.7900000e+03 9.9694959e-01
6.7900000e+03 6.8000000e+03 9.9604737e-01
6.8000000e+03 6.8100000e+03 9.7602533e-01
6.8100000e+03 6.8200000e+03 9.9553149e-01
6.8200000e+03 6.8300000e+03 9.9308484e-01
6.8300000e+03 6.8400000e+03 9.9787099e-01
6.8400000e+03 6.8500000e+03 9.8985721e-01
6.8500000e+03 6.8600000e+03 9.8714921e-01
6.8600000e+03 6.8700000e+03 9.7444168e-01
6.8700000e+03 6.8800000e+03 9.9913260e-01
6.8800000e+03 6.8900000e+03 9.9680845e-01
6.8900000e+03 6.9000000e+03 9.9871278e-01
6.9000000e+03 6.9100000e+03 9.9951220e-01
6.9100000e+03 6.9200000e+03 9.8757039e-01
6.9200000e+03 6.9300000e+03 9.9288708e-01
6.9300000e+03 6.9400000e+03 9.9741607e-01
6.9400000e+03 6.9500000e+03 9.7141541e-01
6.9500000e+03 6.9600000e+03 9.9804202e-01
6.9600000e+03 6.9700000e+03 9.9860818e-01
6.9700000e+03 6.9800000e+03 9.9219624e-01
6.9800000e+03 6.9900000e+03 9.9840468e-01
6.9900000e+03 7.0000000e+03 9.9429802e-01
7.0000000e+03 7.0100000e+03 9.9993518e-01
7.0100000e+03 7.0200000e+03 9.9323709e-01
7.0200000e+03 7.0300000e+03 9.9370563e-01
7.0300000e+03 7.0400000e+03 9.9260556e-01
7.0400000e+03 7.0500000e+03 9.9819221e-01
7.0500000e+03 7.0600000e+03 9.9916485e-01
7.0600000e+03 7.0700000e+03 9.9357730e-01
7.0700000e+03 7.0800000e+03 9.9794056e-01
7.0800000e+03 7.0900000e+03 9.9731901e-01
7.0900000e+03 7.1000000e+03 9.9062735e-01
7.1000000e+03 7.1100000e+03 9.9917213e-01
7.1100000e+03 7.1200000e+03 9.9826475e-01
7.1200000e+03 7.1300000e+03 9.7066360e-01
7.1300000e+03 7.1400000e+03 9.8191308e-01
7.1400000e+03 7.1500000e+03 9.6893091e-01
7.1500000e+03 7.1600000e+03 9.9037034e-01
7.1600000e+03 7.1700000e+03 9.7955711e-01
7.1700000e+03 7.1800000e+03 9.9423819e-01
7.1800000e+03 7.1900000e+03 9.8307603e-01
7.1900000e+03 7.2000000e+03 9.9590734e-01
7.2000000e+03 7.2100000e+03 9.8213643e-01
7.2100000e+03 7.2200000e+03 9.9699213e-01
7.2200000e+03 7.2300000e+03 9.8398149e-01
7.2300000e+03 7.2400000e+03 9.9546201e-01
7.2400000e+03 7.2500000e+03 9.9282480e-01
7.2500000e+03 7.2600000e+03 9.9398815e-01
7.2600000e+03 7.2700000e+03 9.9106291e-01
7.2700000e+03 7.2800000e+03 9.9281675e-01
7.2800000e+03 7.2900000e+03 9.8736067e-01
7.2900000e+03 7.3000000e+03 9.9122449e-01
7.3000000e+03 7.3100000e+03 9.8612218e-01
7.3100000e+03 7.3200000e+03 9.9071668e-01
7.3200000e+03 7.3300000e+03 9.7394357e-01
7.3300000e+03 7.3400000e+03 9.9706768e-01
7.3400000e+03 7.3500000e+03 9.9923264e-01
7.3500000e+03 7.3600000e+03 9.8704440e-01
7.3600000e+03 7.3700000e+03 9.9753863e-01
7.3700000e+03 7.3800000e+03 9.9795780e-01
7.3800000e+03 7.3900000e+03 9.9076860e-01
7.3900000e+03 7.4000000e+03 9.8864104e-01
7.4000000e+03 7.4100000e+03 9.9071594e-01
7.4100000e+03 7.4200000e+03 9.8793394e-01
7.4200000e+03 7.4300000e+03 9.8265023e-01
7.4300000e+03 7.4400000e+03 9.9872691e-01
7.4400000e+03 7.4500000e+03 9.7960873e-01
7.4500000e+03 7.4600000e+03 9.9890995e-01
7.4600000e+03 7.4700000e+03 9.7747895e-01
7.4700000e+03 7.4800000e+03 9.9843140e-01
7.4800000e+03 7.4900000e+03 9.9918781e-01
7.4900000e+03 7.5000000e+03 9.7313336e-01
7.5000000e+03 7.5100000e+03 9.9913482e-01
7.5100000e+03 7.5200000e+03 9.6286969e-01
7.5200000e+03 7.5300000e+03 9.7907853e-01
7.5300000e+03 7.5400000e+03 9.9495202e-01
7.5400000e+03 7.5500000e+03 9.9969367e-01
7.5500000e+03 7.5600000e+03 9.7476729e-01
7.5600000e+03 7.5700000e+03 9.8723575e-01
7.5700000e+03 7.5800000e+03 9.8510102e-01
7.5800000e+03 7.5900000e+03 9.7699064e-01
7.5900000e+03 7.6000000e+03 9.9962074e-01
7.6000000e+03 7.6100000e+03 9.9926774e-01
7.6100000e+03 7.6200000e+03 9.7580064e-01
7.6200000e+03 7.6300000e+03 9.9034603e-01
7.6300000e+03 7.6400000e+03 9.9968413e-01
7.6400000e+03 7.6500000e+03 9.9955409e-01
7.6500000e+03 7.6600000e+03 9.9031480e-01
7.6600000e+03 7.6700000e+03 9.7809227e-01
7.6700000e+03 7.6800000e+03 9.9957029e-01
7.6800000e+03 7.6900000e+03 9.9254397e-01
7.6900000e+03 7.7000000e+03 9.8733980e-01
7.7000000e+03 7.7100000e+03 9.9983674e-01
7.7100000e+03 7.7200000e+03 9.8427252e-01
7.7200000e+03 7.7300000e+03 9.8400032e-01
7.7300000e+03 7.7400000e+03 9.9951476e-01
7.7400000e+03 7.7500000e+03 9.8668951e-01
7.7500000e+03 7.7600000e+03 9.9675248e-01
7.7600000e+03 7.7700000e+03 9.9976626e-01
7.7700000e+03 7.7800000e+03 9.9682270e-01
7.7800000e+03 7.7900000e+03 9.8495614e-01
7.7900000e+03 7.8000000e+03 9.8122588e-01
7.8000000e+03 7.8100000e+03 9.9502219e-01
7.8100000e+03 7.8200000e+03 9.9724201e-01
7.8200000e+03 7.8300000e+03 9.8979909e-01
7.8300000e+03 7.8400000e+03 9.7525171e-01
7.8400000e+03 7.8500000e+03 9.9827618e-01
7.8500000e+03 7.8600000e+03 9.7187162e-01
7.8600000e+03 7.8700000e+03 9.9909345e-01
7.8700000e+03 7.8800000e+03 9.9948311e-01
7.8800000e+03 7.8900000e+03 9.9922934e-01
7.8900000e+03 7.9000000e+03 9.9935842e-01
7.9000000e+03 7.9100000e+03 9.9858145e-01
7.9100000e+03 7.9200000e+03 9.9431520e-01
7.9200000e+03 7.9300000e+03 9.9965816e-01
7.9300000e+03 7.9400000e+03 9.8131152e-01
7.9400000e+03 7.9500000e+03 9.7881194e-01
7.9500000e+03 7.9600000e+03 9.9790456e-01
7.9600000e+03 7.9700000e+03 9.9961759e-01
7.9700000e+03 7.9800000e+03 9.9875082e-01
7.9800000e+03 7.9900000e+03 9.9976327e-01
7.9900000e+03 8.0000000e+03 9.6575531e-01
8.0000000e+03 8.0100000e+03 9.9886550e-01
8.0100000e+03 8.0200000e+03 9.9944049e-01
8.0200000e+03 8.0300000e+03 9.8922441e-01
8.0300000e+03 8.0400000e+03 9.9746564e-01
8.0400000e+03 8.0500000e+03 9.7644983e-01
8.0500000e+03 8.0600000e+03 9.9796723e-01
8.0600000e+03 8.0700000e+03 9.9979171e-01
8.0700000e+03 8.0800000e+03 9.9877805e-01
8.0800000e+03 8.0900000e+03 9.7398605e-01
8.0900000e+03 8.1000000e+03 9.9206668e-01
8.1000000e+03 8.1100000e+03 9.9957203e-01
8.1100000e+03 8.1200000e+03 9.9963741e-01
8.1200000e+03 8.1300000e+03 9.9965841e-01
8.1300000e+03 8.1400000e+03 9.9991807e-01
8.1400000e+03 8.1500000e+03 9.9966882e-01
8.1500000e+03 8.1600000e+03 9.9967394e-01
8.1600000e+03 8.1700000e+03 9.9598139e-01
8.1700000e+03 8.1800000e+03 9.9787107e-01
8.1800000e+03 8.1900000e+03 9.9499424e-01
8.1900000e+03 8.2000000e+03 9.8170072e-01
8.2000000e+03 8.2100000e+03 9.9078066e-01
8.2100000e+03 8.2200000e+03 9.8324049e-01
8.2200000e+03 8.2300000e+03 9.6536569e-01
8.2300000e+03 8.2400000e+03 9.8759594e-01
8.2400000e+03 8.2500000e+03 9.8906698e-01
8.2500000e+03 8.2600000e+03 9.9835152e-01
8.2600000e+03 8.2700000e+03 9.9871991e-01
8.2700000e+03 8.2800000e+03 9.9924221e-01
8.2800000e+03 8.2900000e+03 9.9986222e-01
8.2900000e+03 8.3000000e+03 9.9208228e-01
8.3000000e+03 8.3100000e+03 9.9170726e-01
8.3100000e+03 8.3200000e+03 9.9449421e-01
8.3200000e+03 8.3300000e+03 9.6207425e-01
8.3300000e+03 8.3400000e+03 9.9038028e-01
8.3400000e+03 8.3500000e+03 9.9103990e-01
8.3500000e+03 8.3600000e+03 9.9882840e-01
8.3600000e+03 8.3700000e+03 9.8835420e-01
8.3700000e+03 8.3800000e+03 9.9821562e-01
8.3800000e+03 8.3900000e+03 9.6929086e-01
8.3900000e+03 8.4000000e+03 9.9845314e-01
8.4000000e+03 8.4100000e+03 9.9751602e-01
8.4100000e+03 8.4200000e+03 9.9114233e-01
8.4200000e+03 8.4300000e+03 9.9374350e-01
8.4300000e+03 8.4400000e+03 9.8849035e-01
8.4400000e+03 8.4500000e+03 9.9747641e-01
8.4500000e+03 8.4600000e+03 9.9882586e-01
8.4600000e+03 8.4700000e+03 9.6549223e-01
8.4700000e+03 8.4800000e+03 9.9485244e-01
8.4800000e+03 8.4900000e+03 9.9595333e-01
8.4900000e+03 8.5000000e+03 9.8387101e-01
8.5000000e+03 8.5100000e+03 9.9582003e-01
8.5100000e+03 8.5200000e+03 9.7432996e-01
8.5200000e+03 8.5300000e+03 9.8722772e-01
8.5300000e+03 8.5400000e+03 9.9779947e-01
8.5400000e+03 8.5500000e+03 9.8337931e-01
8.5500000e+03 8.5600000e+03 9.8798731e-01
8.5600000e+03 8.5700000e+03 9.9983351e-01
8.5700000e+03 8.5800000e+03 9.9952146e-01
8.5800000e+03 8.5900000e+03 9.8409105e-01
8.5900000e+03 8.6000000e+03 9.9685370e-01
8.6000000e+03 8.6100000e+03 9.9891609e-01
8.6100000e+03 8.6200000e+03 9.7755137e-01
8.6200000e+03 8.6300000e+03 9.7496505e-01
8.6300000e+03 8.6400000e+03 9.9849123e-01
8.6400000e+03 8.6500000e+03 9.8976677e-01
8.6500000e+03 8.6600000e+03 9.9934138e-01
8.6600000e+03 8.6700000e+03 9.8458233e-01
8.6700000e+03 8.6800000e+03 9.7156702e-01
8.6800000e+03 8.6900000e+03 9.7547498e-01
8.6900000e+03 8.7000000e+03 9.8800878e-01
8.7000000e+03 8.7100000e+03 9.9943270e-01
8.7100000e+03 8.7200000e+03 9.9592448e-01
8.7200000e+03 8.7300000e+03 9.9494346e-01
8.7300000e+03 8.7400000e+03 9.8340518e-01
8.7400000e+03 8.7500000e+03 9.9365298e-01
8.7500000e+03 8.7600000e+03 9.7469464e-01
8.7600000e+03 8.7700000e+03 9.9931595e-01
8.7700000e+03 8.7800000e+03 9.8968179e-01
8.7800000e+03 8.7900000e+03 9.9919836e-01
8.7900000e+03 8.8000000e+03 9.8342931e-01
8.8000000e+03 8.8100000e+03 9.8186718e-01
8.8100000e+03 8.8200000e+03 9.9720511e-01
8.8200000e+03 8.8300000e+03 9.6473373e-01
8.8300000e+03 8.8400000e+03 9.7079754e-01
8.8400000e+03 8.8500000e+03 9.9487959e-01
8.8500000e+03 8.8600000e+03 9.9994487e-01
8.8600000e+03 8.8700000e+03 9.8209085e-01
8.8700000e+03 8.8800000e+03 9.9801317e-01
8.8800000e+03 8.8900000e+03 9.9959701e-01
8.8900000e+03 8.9000000e+03 9.9592425e-01
8.9000000e+03 8.9100000e+03 9.9946904e-01
8.9100000e+03 8.9200000e+03 9.9054100e-01
8.9200000e+03 8.9300000e+03 9.9467005e-01
8.9300000e+03 8.9400000e+03 9.9922570e-01
8.9400000e+03 8.9500000e+03 9.9042661e-01
8.9500000e+03 8.9600000e+03 9.9909957e-01
8.9600000e+03 8.9700000e+03 9.9738755e-01
8.9700000e+03 8.9800000e+03 9.9196853e-01
8.9800000e+03 8.9900000e+03 9.9773385e-01
8.9900000e+03 9.0000000e+03 9.6757273e-01
9.0000000e+03 9.0100000e+03 9.8781837e-01
9.0100000e+03 9.0200000e+03 9.8769622e-01
9.0200000e+03 9.0300000e+03 9.9316439e-01
9.0300000e+03 9.0400000e+03 9.9829235e-01
9.0400000e+03 9.0500000e+03 9.9979063e-01
9.0500000e+03 9.0600000e+03 9.9876188e-01
9.0600000e+03 9.0700000e+03 9.9514133e-01
9.0700000e+03 9.0800000e+03 9.9392332e-01
9.0800000e+03 9.0900000e+03 9.8397980e-01
9.0900000e+03 9.1000000e+03 9.8840379e-01
9.1000000e+03 9.1100000e+03 9.9837300e-01
9.1100000e+03 9.1200000e+03 9.9133118e-01
9.1200000e+03 9.1300000e+03 9.9977886e-01
9.1300000e+03 9.1400000e+03 9.9977897e-01
9.1400000e+03 9.1500000e+03 9.9665083e-01
9.1500000e+03 9.1600000e+03 9.9984222e-01
9.1600000e+03 9.1700000e+03 9.9694405e-01
9.1700000e+03 9.1800000e+03 9.9668808e-01
9.1800000e+03 9.1900000e+03 9.9975736e-01
9.1900000e+03 9.2000000e+03 9.9636197e-01
9.2000000e+03 9.2100000e+03 9.9683892e-01
9.2100000e+03 9.2200000e+03 0.0000000e+00
9.2200000e+03 9.2300000e+03 0.0000000e+00
9.2300000e+03 9.2400000e+03 0.0000000e+00
9.2400000e+03 9.2500000e+03 0.0000000e+00
9.2500000e+03 9.2600000e+03 0.0000000e+00
9.2600000e+03 9.2700000e+03 0.0000000e+00
9.2700000e+03 9.2800000e+03 0.0000000e+00
9.2800000e+03 9.2900000e+03 0.0000000e+00
9.2900000e+03 9.3000000e+03 0.0000000e+00
9.3000000e+03 9.3100000e+03 0.0000000e+00
9.3100000e+03 9.3200000e+03 0.0000000e+00
9.3200000e+03 9.3300000e+03 0.0000000e+00
9.3300000e+03 9.3400000e+03 0.0000000e+00
9.3400000e+03 9.3500000e+03 0.0000000e+00
9.3500000e+03 9.3600000e+03 0.0000000e+00
9.3600000e+03 9.3700000e+03 0.0000000e+00
9.3700000e+03 9.3800000e+03 0.0000000e+00
9.3800000e+03 9.3900000e+03 0.0000000e+00
9.3900000e+03 9.4000000e+03 0.0000000e+00
