8.5000000e+02 8.6000000e+02 0.0000000e+00
8.6000000e+02 8.7000000e+02 0.0000000e+00
8.7000000e+02 8.8000000e+02 0.0000000e+00
8.8000000e+02 8.9000000e+02 0.0000000e+00
8.9000000e+02 9.0000000e+02 0.0000000e+00
9.0000000e+02 9.1000000e+02 8.3822620e-01
9.1000000e+02 9.2000000e+02 1.0053774e+00
9.2000000e+02 9.3000000e+02 9.9871163e-01
9.3000000e+02 9.4000000e+02 9.9987180e-01
9.4000000e+02 9.5000000e+02 9.7232241e-01
9.5000000e+02 9.6000000e+02 8.8922638e-01
9.6000000e+02 9.7000000e+02 8.4378124e-01
9.7000000e+02 9.8000000e+02 9.9431606e-01
9.8000000e+02 9.9000000e+02 8.6058619e-01
9.9000000e+02 1.0000000e+03 8.8318531e-01
1.0000000e+03 1.0100000e+03 9.0639782e-01
1.0100000e+03 1.0200000e+03 9.7243402e-01
1.0200000e+03 1.0300000e+03 9.9383295e-01
1.0300000e+03 1.0400000e+03 8.1997055e-01
1.0400000e+03 1.0500000e+03 8.6924793e-01
1.0500000e+03 1.0600000e+03 9.5815430e-01
1.0600000e+03 1.0700000e+03 8.8800316e-01
1.0700000e+03 1.0800000e+03 9.1081137e-01
1.0800000e+03 1.0900000e+03 8.4906422e-01
1.0900000e+03 1.1000000e+03 9.1071559e-01
1.1000000e+03 1.1100000e+03 1.0197168e+00
1.1100000e+03 1.1200000e+03 9.5958911e-01
1.1200000e+03 1.1300000e+03 9.3677029e-01
1.1300000e+03 1.1400000e+03 9.0925784e-01
1.1400000e+03 1.1500000e+03 8.4849039e-01
1.1500000e+03 1.1600000e+03 9.7388725e-01
1.1600000e+03 1.1700000e+03 9.1308503e-01
1.1700000e+03 1.1800000e+03 9.1873694e-01
1.1800000e+03 1.1900000e+03 8.9693128e-01
1.1900000e+03 1.2000000e+03 9.4121470e-01
1.2000000e+03 1.2100000e+03 8.3857168e-01
1.2100000e+03 1.2200000e+03 9.9897729e-01
1.2200000e+03 1.2300000e+03 9.1891296e-01
1.2300000e+03 1.2400000e+03 9.1529839e-01
1.2400000e+03 1.2500000e+03 9.6810579e-01
1.2500000e+03 1.2600000e+03 9.4665597e-01
1.2600000e+03 1.2700000e+03 9.1260340e-01
1.2700000e+03 1.2800000e+03 9.3964918e-01
1.2800000e+03 1.2900000e+03 9.6750302e-01
1.2900000e+03 1.3000000e+03 9.3293600e-01
1.3000000e+03 1.3100000e+03 9.6605658e-01
1.3100000e+03 1.3200000e+03 9.3561638e-01
1.3200000e+03 1.3300000e+03 9.3906757e-01
1.3300000e+03 1.3400000e+03 9.3745972e-01
1.3400000e+03 1.3500000e+03 1.0360006e+00
1.3500000e+03 1.3600000e+03 9.4951300e-01
1.3600000e+03 1.3700000e+03 9.4557253e-01
1.3700000e+03 1.3800000e+03 9.5227581e-01
1.3800000e+03 1.3900000e+03 9.4097418e-01
1.3900000e+03 1.4000000e+03 9.2111185e-01
1.4000000e+03 1.4100000e+03 9.5383505e-01
1.4100000e+03 1.4200000e+03 9.4943264e-01
1.4200000e+03 1.4300000e+03 9.4312870e-01
1.4300000e+03 1.4400000e+03 9.5457348e-01
1.4400000e+03 1.4500000e+03 9.5426585e-01
1.4500000e+03 1.4600000e+03 9.3332550e-01
1.4600000e+03 1.4700000e+03 9.5298505e-01
1.4700000e+03 1.4800000e+03 9.4646950e-01
1.4800000e+03 1.4900000e+03 9.3749632e-01
1.4900000e+03 1.5000000e+03 9.1994640e-01
1.5000000e+03 1.5100000e+03 9.1705538e-01
1.5100000e+03 1.5200000e+03 9.6038632e-01
1.5200000e+03 1.5300000e+03 1.0859338e+00
1.5300000e+03 1.5400000e+03 8.7924127e-01
1.5400000e+03 1.5500000e+03 8.9220108e-01
1.5500000e+03 1.5600000e+03 9.2865100e-01
1.5600000e+03 1.5700000e+03 8.9875514e-01
1.5700000e+03 1.5800000e+03 9.5926045e-01
1.5800000e+03 1.5900000e+03 9.5922662e-01
1.5900000e+03 1.6000000e+03 9.5343025e-01
1.6000000e+03 1.6100000e+03 9.6405893e-01
1.6100000e+03 1.6200000e+03 9.5981280e-01
1.6200000e+03 1.6300000e+03 8.9973435e-01
1.6300000e+03 1.6400000e+03 9.4206704e-01
1.6400000e+03 1.6500000e+03 9.5616138e-01
1.6500000e+03 1.6600000e+03 9.5793925e-01
1.6600000e+03 1.6700000e+03 9.6628479e-01
1.6700000e+03 1.6800000e+03 9.3728159e-01
1.6800000e+03 1.6900000e+03 1.1129159e+00
1.6900000e+03 1.7000000e+03 9.5243639e-01
1.7000000e+03 1.7100000e+03 8.6303851e-01
1.7100000e+03 1.7200000e+03 9.9100303e-01
1.7200000e+03 1.7300000e+03 9.6144445e-01
1.7300000e+03 1.7400000e+03 9.6979723e-01
1.7400000e+03 1.7500000e+03 9.5695104e-01
1.7500000e+03 1.7600000e+03 9.6062544e-01
1.7600000e+03 1.7700000e+03 9.3941169e-01
1.7700000e+03 1.7800000e+03 9.0722017e-01
1.7800000e+03 1.7900000e+03 9.7654952e-01
1.7900000e+03 1.8000000e+03 9.4984493e-01
1.8000000e+03 1.8100000e+03 9.6532718e-01
1.8100000e+03 1.8200000e+03 9.6871291e-01
1.8200000e+03 1.8300000e+03 9.6432287e-01
1.8300000e+03 1.8400000e+03 9.6615633e-01
1.8400000e+03 1.8500000e+03 9.4640128e-01
1.8500000e+03 1.8600000e+03 9.5292716e-01
1.8600000e+03 1.8700000e+03 1.0089790e+00
1.8700000e+03 1.8800000e+03 9.7201117e-01
1.8800000e+03 1.8900000e+03 9.3571884e-01
1.8900000e+03 1.9000000e+03 9.7488251e-01
1.9000000e+03 1.9100000e+03 9.7256003e-01
1.9100000e+03 1.9200000e+03 9.7022963e-01
1.9200000e+03 1.9300000e+03 9.7078665e-01
1.9300000e+03 1.9400000e+03 9.6077309e-01
1.9400000e+03 1.9500000e+03 9.6806195e-01
1.9500000e+03 1.9600000e+03 9.7670752e-01
1.9600000e+03 1.9700000e+03 9.7553573e-01
1.9700000e+03 1.9800000e+03 9.7331778e-01
1.9800000e+03 1.9900000e+03 9.7495581e-01
1.9900000e+03 2.0000000e+03 9.7110792e-01
2.0000000e+03 2.0100000e+03 9.7262768e-01
2.0100000e+03 2.0200000e+03 9.7404121e-01
2.0200000e+03 2.0300000e+03 9.5646591e-01
2.0300000e+03 2.0400000e+03 9.7456201e-01
2.0400000e+03 2.0500000e+03 9.7360875e-01
2.0500000e+03 2.0600000e+03 9.8062037e-01
2.0600000e+03 2.0700000e+03 9.7611402e-01
2.0700000e+03 2.0800000e+03 9.7907970e-01
2.0800000e+03 2.0900000e+03 9.8111859e-01
2.0900000e+03 2.1000000e+03 9.3774006e-01
2.1000000e+03 2.1100000e+03 9.8028816e-01
2.1100000e+03 2.1200000e+03 9.7281877e-01
2.1200000e+03 2.1300000e+03 9.5949261e-01
2.1300000e+03 2.1400000e+03 9.8889875e-01
2.1400000e+03 2.1500000e+03 9.9507445e-01
2.1500000e+03 2.1600000e+03 1.0056055e+00
2.1600000e+03 2.1700000e+03 9.7462115e-01
2.1700000e+03 2.1800000e+03 9.8123796e-01
2.1800000e+03 2.1900000e+03 9.9303930e-01
2.1900000e+03 2.2000000e+03 9.5577633e-01
2.2000000e+03 2.2100000e+03 9.8781692e-01
2.2100000e+03 2.2200000e+03 9.7606141e-01
2.2200000e+03 2.2300000e+03 1.0082062e+00
2.2300000e+03 2.2400000e+03 1.0158742e+00
2.2400000e+03 2.2500000e+03 9.8531398e-01
2.2500000e+03 2.2600000e+03 9.6303507e-01
2.2600000e+03 2.2700000e+03 9.7730923e-01
2.2700000e+03 2.2800000e+03 9.5862458e-01
2.2800000e+03 2.2900000e+03 9.8470905e-01
2.2900000e+03 2.3000000e+03 9.8081249e-01
2.3000000e+03 2.3100000e+03 9.8516022e-01
2.3100000e+03 2.3200000e+03 9.7658342e-01
2.3200000e+03 2.3300000e+03 9.7955918e-01
2.3300000e+03 2.3400000e+03 9.7696413e-01
2.3400000e+03 2.3500000e+03 9.5671878e-01
2.3500000e+03 2.3600000e+03 9.8534720e-01
2.3600000e+03 2.3700000e+03 9.5416946e-01
2.3700000e+03 2.3800000e+03 9.6725847e-01
2.3800000e+03 2.3900000e+03 9.2691775e-01
2.3900000e+03 2.4000000e+03 9.2390161e-01
2.4000000e+03 2.4100000e+03 9.6949065e-01
2.4100000e+03 2.4200000e+03 9.4402035e-01
2.4200000e+03 2.4300000e+03 9.9128145e-01
2.4300000e+03 2.4400000e+03 9.8593230e-01
2.4400000e+03 2.4500000e+03 9.9187942e-01
2.4500000e+03 2.4600000e+03 9.8989898e-01
2.4600000e+03 2.4700000e+03 9.9031463e-01
2.4700000e+03 2.4800000e+03 9.6838186e-01
2.4800000e+03 2.4900000e+03 9.5580803e-01
2.4900000e+03 2.5000000e+03 9.5666926e-01
2.5000000e+03 2.5100000e+03 9.8873083e-01
2.5100000e+03 2.5200000e+03 9.9451341e-01
2.5200000e+03 2.5300000e+03 9.9389464e-01
2.5300000e+03 2.5400000e+03 9.6664377e-01
2.5400000e+03 2.5500000e+03 9.4176109e-01
2.5500000e+03 2.5600000e+03 9.4351011e-01
2.5600000e+03 2.5700000e+03 9.2387241e-01
2.5700000e+03 2.5800000e+03 9.5471496e-01
2.5800000e+03 2.5900000e+03 9.4839302e-01
2.5900000e+03 2.6000000e+03 9.4273968e-01
2.6000000e+03 2.6100000e+03 9.5922930e-01
2.6100000e+03 2.6200000e+03 9.2991269e-01
2.6200000e+03 2.6300000e+03 9.6625554e-01
2.6300000e+03 2.6400000e+03 9.8363188e-01
2.6400000e+03 2.6500000e+03 9.9218710e-01
2.6500000e+03 2.6600000e+03 9.9115159e-01
2.6600000e+03 2.6700000e+03 9.8934159e-01
2.6700000e+03 2.6800000e+03 9.9395151e-01
2.6800000e+03 2.6900000e+03 1.0010574e+00
2.6900000e+03 2.7000000e+03 9.8719604e-01
2.7000000e+03 2.7100000e+03 9.8259343e-01
2.7100000e+03 2.7200000e+03 9.6613887e-01
2.7200000e+03 2.7300000e+03 9.7639197e-01
2.7300000e+03 2.7400000e+03 9.6433363e-01
2.7400000e+03 2.7500000e+03 9.5935548e-01
2.7500000e+03 2.7600000e+03 9.7320259e-01
2.7600000e+03 2.7700000e+03 9.8427387e-01
2.7700000e+03 2.7800000e+03 9.8781926e-01
2.7800000e+03 2.7900000e+03 9.8209874e-01
2.7900000e+03 2.8000000e+03 9.8141762e-01
2.8000000e+03 2.8100000e+03 9.6911050e-01
2.8100000e+03 2.8200000e+03 9.7790425e-01
2.8200000e+03 2.8300000e+03 9.8692889e-01
2.8300000e+03 2.8400000e+03 9.9147620e-01
2.8400000e+03 2.8500000e+03 9.6413558e-01
2.8500000e+03 2.8600000e+03 9.7452934e-01
2.8600000e+03 2.8700000e+03 9.9327999e-01
2.8700000e+03 2.8800000e+03 9.9725688e-01
2.8800000e+03 2.8900000e+03 9.9585944e-01
2.8900000e+03 2.9000000e+03 9.8357978e-01
2.9000000e+03 2.9100000e+03 9.7888722e-01
2.9100000e+03 2.9200000e+03 9.8622597e-01
2.9200000e+03 2.9300000e+03 9.9245179e-01
2.9300000e+03 2.9400000e+03 9.8555044e-01
2.9400000e+03 2.9500000e+03 9.8560944e-01
2.9500000e+03 2.9600000e+03 9.9005334e-01
2.9600000e+03 2.9700000e+03 9.8583237e-01
2.9700000e+03 2.9800000e+03 9.8750559e-01
2.9800000e+03 2.9900000e+03 9.8925991e-01
2.9900000e+03 3.0000000e+03 9.8315648e-01
3.0000000e+03 3.0100000e+03 9.8087206e-01
3.0100000e+03 3.0200000e+03 9.8526307e-01
3.0200000e+03 3.0300000e+03 9.8086442e-01
3.0300000e+03 3.0400000e+03 9.9018991e-01
3.0400000e+03 3.0500000e+03 9.8829275e-01
3.0500000e+03 3.0600000e+03 9.8649927e-01
3.0600000e+03 3.0700000e+03 9.8510476e-01
3.0700000e+03 3.0800000e+03 9.8779472e-01
3.0800000e+03 3.0900000e+03 9.8151600e-01
3.0900000e+03 3.1000000e+03 9.8254998e-01
3.1000000e+03 3.1100000e+03 9.8465238e-01
3.1100000e+03 3.1200000e+03 9.8816739e-01
3.1200000e+03 3.1300000e+03 9.8829632e-01
3.1300000e+03 3.1400000e+03 9.8812051e-01
3.1400000e+03 3.1500000e+03 9.8310880e-01
3.1500000e+03 3.1600000e+03 9.8490698e-01
3.1600000e+03 3.1700000e+03 9.8869039e-01
3.1700000e+03 3.1800000e+03 9.8797595e-01
3.1800000e+03 3.1900000e+03 9.8973239e-01
3.1900000e+03 3.2000000e+03 9.8673967e-01
3.2000000e+03 3.2100000e+03 9.8821288e-01
3.2100000e+03 3.2200000e+03 9.8160369e-01
3.2200000e+03 3.2300000e+03 9.8528551e-01
3.2300000e+03 3.2400000e+03 9.8614862e-01
3.2400000e+03 3.2500000e+03 9.8689406e-01
3.2500000e+03 3.2600000e+03 9.8378878e-01
3.2600000e+03 3.2700000e+03 9.8520471e-01
3.2700000e+03 3.2800000e+03 9.8390231e-01
3.2800000e+03 3.2900000e+03 9.8487500e-01
3.2900000e+03 3.3000000e+03 9.7947868e-01
3.3000000e+03 3.3100000e+03 9.8058365e-01
3.3100000e+03 3.3200000e+03 9.8075667e-01
3.3200000e+03 3.3300000e+03 9.8418809e-01
3.3300000e+03 3.3400000e+03 9.8486420e-01
3.3400000e+03 3.3500000e+03 9.8465719e-01
3.3500000e+03 3.3600000e+03 9.8475689e-01
3.3600000e+03 3.3700000e+03 9.8204462e-01
3.3700000e+03 3.3800000e+03 9.8539961e-01
3.3800000e+03 3.3900000e+03 9.8290364e-01
3.3900000e+03 3.4000000e+03 9.8393501e-01
3.4000000e+03 3.4100000e+03 9.8401784e-01
3.4100000e+03 3.4200000e+03 9.8327343e-01
3.4200000e+03 3.4300000e+03 9.8387955e-01
3.4300000e+03 3.4400000e+03 9.8209857e-01
3.4400000e+03 3.4500000e+03 9.8310064e-01
3.4500000e+03 3.4600000e+03 9.8075560e-01
3.4600000e+03 3.4700000e+03 9.8483748e-01
3.4700000e+03 3.4800000e+03 9.8303488e-01
3.4800000e+03 3.4900000e+03 9.8005414e-01
3.4900000e+03 3.5000000e+03 9.8302561e-01
3.5000000e+03 3.5100000e+03 9.7863468e-01
3.5100000e+03 3.5200000e+03 9.7880880e-01
3.5200000e+03 3.5300000e+03 9.8121160e-01
3.5300000e+03 3.5400000e+03 9.7985595e-01
3.5400000e+03 3.5500000e+03 9.7903912e-01
3.5500000e+03 3.5600000e+03 9.8158440e-01
3.5600000e+03 3.5700000e+03 9.7960298e-01
3.5700000e+03 3.5800000e+03 9.8828322e-01
3.5800000e+03 3.5900000e+03 9.8210336e-01
3.5900000e+03 3.6000000e+03 9.7998064e-01
3.6000000e+03 3.6100000e+03 9.8265741e-01
3.6100000e+03 3.6200000e+03 9.8128746e-01
3.6200000e+03 3.6300000e+03 9.8175962e-01
3.6300000e+03 3.6400000e+03 9.8299375e-01
3.6400000e+03 3.6500000e+03 9.5741381e-01
3.6500000e+03 3.6600000e+03 9.7665290e-01
3.6600000e+03 3.6700000e+03 9.8253608e-01
3.6700000e+03 3.6800000e+03 9.7693011e-01
3.6800000e+03 3.6900000e+03 9.7613038e-01
3.6900000e+03 3.7000000e+03 9.8378824e-01
3.7000000e+03 3.7100000e+03 9.7235492e-01
3.7100000e+03 3.7200000e+03 9.4151152e-01
3.7200000e+03 3.7300000e+03 8.9397228e-01
3.7300000e+03 3.7400000e+03 9.5182819e-01
3.7400000e+03 3.7500000e+03 9.8820060e-01
3.7500000e+03 3.7600000e+03 8.9226068e-01
3.7600000e+03 3.7700000e+03 1.0322747e+00
3.7700000e+03 3.7800000e+03 8.7554243e-01
3.7800000e+03 3.7900000e+03 9.8271562e-01
3.7900000e+03 3.8000000e+03 1.0905272e+00
3.8000000e+03 3.8100000e+03 9.6254336e-01
3.8100000e+03 3.8200000e+03 9.8266157e-01
3.8200000e+03 3.8300000e+03 9.8830277e-01
3.8300000e+03 3.8400000e+03 1.0870959e+00
3.8400000e+03 3.8500000e+03 9.7053057e-01
3.8500000e+03 3.8600000e+03 9.8586545e-01
3.8600000e+03 3.8700000e+03 9.8565311e-01
3.8700000e+03 3.8800000e+03 9.9343375e-01
3.8800000e+03 3.8900000e+03 1.1041781e+00
3.8900000e+03 3.9000000e+03 9.3797744e-01
3.9000000e+03 3.9100000e+03 9.8342151e-01
3.9100000e+03 3.9200000e+03 9.8218897e-01
3.9200000e+03 3.9300000e+03 9.8125538e-01
3.9300000e+03 3.9400000e+03 9.6824467e-01
3.9400000e+03 3.9500000e+03 9.7913467e-01
3.9500000e+03 3.9600000e+03 9.8086978e-01
3.9600000e+03 3.9700000e+03 9.7536895e-01
3.9700000e+03 3.9800000e+03 8.3990177e-01
3.9800000e+03 3.9900000e+03 9.7427112e-01
3.9900000e+03 4.0000000e+03 9.7828706e-01
4.0000000e+03 4.0100000e+03 9.7579501e-01
4.0100000e+03 4.0200000e+03 9.7600380e-01
4.0200000e+03 4.0300000e+03 9.7427988e-01
4.0300000e+03 4.0400000e+03 9.7512408e-01
4.0400000e+03 4.0500000e+03 9.7573982e-01
4.0500000e+03 4.0600000e+03 9.8314161e-01
4.0600000e+03 4.0700000e+03 9.7122959e-01
4.0700000e+03 4.0800000e+03 9.7953470e-01
4.0800000e+03 4.0900000e+03 9.7856789e-01
4.0900000e+03 4.1000000e+03 1.0010405e+00
4.1000000e+03 4.1100000e+03 8.8896838e-01
4.1100000e+03 4.1200000e+03 9.6417155e-01
4.1200000e+03 4.1300000e+03 9.7790311e-01
4.1300000e+03 4.1400000e+03 9.7121204e-01
4.1400000e+03 4.1500000e+03 9.6311580e-01
4.1500000e+03 4.1600000e+03 9.6618368e-01
4.1600000e+03 4.1700000e+03 9.6861673e-01
4.1700000e+03 4.1800000e+03 9.7662456e-01
4.1800000e+03 4.1900000e+03 9.6181839e-01
4.1900000e+03 4.2000000e+03 9.7354093e-01
4.2000000e+03 4.2100000e+03 9.6877358e-01
4.2100000e+03 4.2200000e+03 9.6368805e-01
4.2200000e+03 4.2300000e+03 9.7791233e-01
4.2300000e+03 4.2400000e+03 9.6950160e-01
4.2400000e+03 4.2500000e+03 9.6508778e-01
4.2500000e+03 4.2600000e+03 9.6519236e-01
4.2600000e+03 4.2700000e+03 9.6397279e-01
4.2700000e+03 4.2800000e+03 9.6287153e-01
4.2800000e+03 4.2900000e+03 9.7422272e-01
4.2900000e+03 4.3000000e+03 9.7680908e-01
4.3000000e+03 4.3100000e+03 9.7757891e-01
4.3100000e+03 4.3200000e+03 9.5601547e-01
4.3200000e+03 4.3300000e+03 9.6722500e-01
4.3300000e+03 4.3400000e+03 9.9061388e-01
4.3400000e+03 4.3500000e+03 8.9300153e-01
4.3500000e+03 4.3600000e+03 9.5843370e-01
4.3600000e+03 4.3700000e+03 9.2851905e-01
4.3700000e+03 4.3800000e+03 9.5122231e-01
4.3800000e+03 4.3900000e+03 9.6715847e-01
4.3900000e+03 4.4000000e+03 9.5269659e-01
4.4000000e+03 4.4100000e+03 9.7164936e-01
4.4100000e+03 4.4200000e+03 9.4871319e-01
4.4200000e+03 4.4300000e+03 9.4736064e-01
4.4300000e+03 4.4400000e+03 9.7474229e-01
4.4400000e+03 4.4500000e+03 9.5898059e-01
4.4500000e+03 4.4600000e+03 9.7594428e-01
4.4600000e+03 4.4700000e+03 9.6251830e-01
4.4700000e+03 4.4800000e+03 9.3703039e-01
4.4800000e+03 4.4900000e+03 9.5650281e-01
4.4900000e+03 4.5000000e+03 9.4868009e-01
4.5000000e+03 4.5100000e+03 9.3151732e-01
4.5100000e+03 4.5200000e+03 9.5614496e-01
4.5200000e+03 4.5300000e+03 9.5630743e-01
4.5300000e+03 4.5400000e+03 9.6346592e-01
4.5400000e+03 4.5500000e+03 9.6755483e-01
4.5500000e+03 4.5600000e+03 9.3185860e-01
4.5600000e+03 4.5700000e+03 9.4884447e-01
4.5700000e+03 4.5800000e+03 9.4005498e-01
4.5800000e+03 4.5900000e+03 9.7004830e-01
4.5900000e+03 4.6000000e+03 9.5358282e-01
4.6000000e+03 4.6100000e+03 9.4219570e-01
4.6100000e+03 4.6200000e+03 9.5828245e-01
4.6200000e+03 4.6300000e+03 9.4454491e-01
4.6300000e+03 4.6400000e+03 9.6554138e-01
4.6400000e+03 4.6500000e+03 9.3027740e-01
4.6500000e+03 4.6600000e+03 9.3449955e-01
4.6600000e+03 4.6700000e+03 9.7057025e-01
4.6700000e+03 4.6800000e+03 9.2777782e-01
4.6800000e+03 4.6900000e+03 9.6438273e-01
4.6900000e+03 4.7000000e+03 9.6704610e-01
4.7000000e+03 4.7100000e+03 9.6267547e-01
4.7100000e+03 4.7200000e+03 9.4572546e-01
4.7200000e+03 4.7300000e+03 9.7172763e-01
4.7300000e+03 4.7400000e+03 9.5212848e-01
4.7400000e+03 4.7500000e+03 9.4933146e-01
4.7500000e+03 4.7600000e+03 9.3056152e-01
4.7600000e+03 4.7700000e+03 9.5319640e-01
4.7700000e+03 4.7800000e+03 9.6433726e-01
4.7800000e+03 4.7900000e+03 9.3603338e-01
4.7900000e+03 4.8000000e+03 9.8824630e-01
4.8000000e+03 4.8100000e+03 9.7389131e-01
4.8100000e+03 4.8200000e+03 9.7075960e-01
4.8200000e+03 4.8300000e+03 9.2504697e-01
4.8300000e+03 4.8400000e+03 9.5615450e-01
4.8400000e+03 4.8500000e+03 9.5272435e-01
4.8500000e+03 4.8600000e+03 9.5103160e-01
4.8600000e+03 4.8700000e+03 9.2051516e-01
4.8700000e+03 4.8800000e+03 9.4249873e-01
4.8800000e+03 4.8900000e+03 9.6831590e-01
4.8900000e+03 4.9000000e+03 9.1343819e-01
4.9000000e+03 4.9100000e+03 9.2700006e-01
4.9100000e+03 4.9200000e+03 9.5456288e-01
4.9200000e+03 4.9300000e+03 9.2768438e-01
4.9300000e+03 4.9400000e+03 9.4951524e-01
4.9400000e+03 4.9500000e+03 9.4424499e-01
4.9500000e+03 4.9600000e+03 9.1924367e-01
4.9600000e+03 4.9700000e+03 9.4411598e-01
4.9700000e+03 4.9800000e+03 9.6106615e-01
4.9800000e+03 4.9900000e+03 9.6744899e-01
4.9900000e+03 5.0000000e+03 9.4207580e-01
5.0000000e+03 5.0100000e+03 9.6220441e-01
5.0100000e+03 5.0200000e+03 9.5843621e-01
5.0200000e+03 5.0300000e+03 9.6765086e-01
5.0300000e+03 5.0400000e+03 9.5526987e-01
5.0400000e+03 5.0500000e+03 9.5274768e-01
5.0500000e+03 5.0600000e+03 9.0772248e-01
5.0600000e+03 5.0700000e+03 9.3434735e-01
5.0700000e+03 5.0800000e+03 9.4920554e-01
5.0800000e+03 5.0900000e+03 9.6296905e-01
5.0900000e+03 5.1000000e+03 9.4981936e-01
5.1000000e+03 5.1100000e+03 9.2492167e-01
5.1100000e+03 5.1200000e+03 9.0233013e-01
5.1200000e+03 5.1300000e+03 9.5000746e-01
5.1300000e+03 5.1400000e+03 9.3764265e-01
5.1400000e+03 5.1500000e+03 9.4773466e-01
5.1500000e+03 5.1600000e+03 9.4092611e-01
5.1600000e+03 5.1700000e+03 9.6512071e-01
5.1700000e+03 5.1800000e+03 9.5700116e-01
5.1800000e+03 5.1900000e+03 9.5997385e-01
5.1900000e+03 5.2000000e+03 9.5493328e-01
5.2000000e+03 5.2100000e+03 9.4630312e-01
5.2100000e+03 5.2200000e+03 9.2577495e-01
5.2200000e+03 5.2300000e+03 9.4404699e-01
5.2300000e+03 5.2400000e+03 9.2252619e-01
5.2400000e+03 5.2500000e+03 9.3353642e-01
5.2500000e+03 5.2600000e+03 9.6668765e-01
5.2600000e+03 5.2700000e+03 9.6736823e-01
5.2700000e+03 5.2800000e+03 9.3626144e-01
5.2800000e+03 5.2900000e+03 9.2499056e-01
5.2900000e+03 5.3000000e+03 9.4065894e-01
5.3000000e+03 5.3100000e+03 9.2034205e-01
5.3100000e+03 5.3200000e+03 9.5502830e-01
5.3200000e+03 5.3300000e+03 9.5010006e-01
5.3300000e+03 5.3400000e+03 9.5095159e-01
5.3400000e+03 5.3500000e+03 9.3247499e-01
5.3500000e+03 5.3600000e+03 9.6671339e-01
5.3600000e+03 5.3700000e+03 9.2203239e-01
5.3700000e+03 5.3800000e+03 9.0087669e-01
5.3800000e+03 5.3900000e+03 9.1918208e-01
5.3900000e+03 5.4000000e+03 9.1607183e-01
5.4000000e+03 5.4100000e+03 9.4592521e-01
5.4100000e+03 5.4200000e+03 9.2363196e-01
5.4200000e+03 5.4300000e+03 9.1944564e-01
5.4300000e+03 5.4400000e+03 9.0219106e-01
5.4400000e+03 5.4500000e+03 8.9640596e-01
5.4500000e+03 5.4600000e+03 8.8974131e-01
5.4600000e+03 5.4700000e+03 9.3041618e-01
5.4700000e+03 5.4800000e+03 9.1930766e-01
5.4800000e+03 5.4900000e+03 9.5739911e-01
5.4900000e+03 5.5000000e+03 9.1801117e-01
5.5000000e+03 5.5100000e+03 9.1077173e-01
5.5100000e+03 5.5200000e+03 9.6366865e-01
5.5200000e+03 5.5300000e+03 9.2933724e-01
5.5300000e+03 5.5400000e+03 9.7128116e-01
5.5400000e+03 5.5500000e+03 9.7401166e-01
5.5500000e+03 5.5600000e+03 9.6884300e-01
5.5600000e+03 5.5700000e+03 9.4059624e-01
5.5700000e+03 5.5800000e+03 9.1545224e-01
5.5800000e+03 5.5900000e+03 9.2668348e-01
5.5900000e+03 5.6000000e+03 9.4008186e-01
5.6000000e+03 5.6100000e+03 9.2102965e-01
5.6100000e+03 5.6200000e+03 9.1241562e-01
5.6200000e+03 5.6300000e+03 9.3371066e-01
5.6300000e+03 5.6400000e+03 9.6785161e-01
5.6400000e+03 5.6500000e+03 9.6487119e-01
5.6500000e+03 5.6600000e+03 9.5322818e-01
5.6600000e+03 5.6700000e+03 9.6550289e-01
5.6700000e+03 5.6800000e+03 9.6217878e-01
5.6800000e+03 5.6900000e+03 9.5736921e-01
5.6900000e+03 5.7000000e+03 9.8285170e-01
5.7000000e+03 5.7100000e+03 9.5308729e-01
5.7100000e+03 5.7200000e+03 9.5546953e-01
5.7200000e+03 5.7300000e+03 9.9064997e-01
5.7300000e+03 5.7400000e+03 9.9157943e-01
5.7400000e+03 5.7500000e+03 9.8429325e-01
5.7500000e+03 5.7600000e+03 9.6468194e-01
5.7600000e+03 5.7700000e+03 9.4932856e-01
5.7700000e+03 5.7800000e+03 9.8755608e-01
5.7800000e+03 5.7900000e+03 9.7461702e-01
5.7900000e+03 5.8000000e+03 9.6515941e-01
5.8000000e+03 5.8100000e+03 9.8791424e-01
5.8100000e+03 5.8200000e+03 9.8120237e-01
5.8200000e+03 5.8300000e+03 9.9754407e-01
5.8300000e+03 5.8400000e+03 9.9265531e-01
5.8400000e+03 5.8500000e+03 9.9024851e-01
5.8500000e+03 5.8600000e+03 9.2973492e-01
5.8600000e+03 5.8700000e+03 9.3923408e-01
5.8700000e+03 5.8800000e+03 9.9834157e-01
5.8800000e+03 5.8900000e+03 9.0345856e-01
5.8900000e+03 5.9000000e+03 9.3696760e-01
5.9000000e+03 5.9100000e+03 9.8527609e-01
5.9100000e+03 5.9200000e+03 9.3963966e-01
5.9200000e+03 5.9300000e+03 9.8291783e-01
5.9300000e+03 5.9400000e+03 9.4721491e-01
5.9400000e+03 5.9500000e+03 9.8195722e-01
5.9500000e+03 5.9600000e+03 9.8068281e-01
5.9600000e+03 5.9700000e+03 9.9611677e-01
5.9700000e+03 5.9800000e+03 9.3928143e-01
5.9800000e+03 5.9900000e+03 9.6566871e-01
5.9900000e+03 6.0000000e+03 9.8869354e-01
6.0000000e+03 6.0100000e+03 9.5577944e-01
6.0100000e+03 6.0200000e+03 9.6504563e-01
6.0200000e+03 6.0300000e+03 9.4223862e-01
6.0300000e+03 6.0400000e+03 9.9893444e-01
6.0400000e+03 6.0500000e+03 9.9968889e-01
6.0500000e+03 6.0600000e+03 9.7809617e-01
6.0600000e+03 6.0700000e+03 9.0461742e-01
6.0700000e+03 6.0800000e+03 9.7614982e-01
6.0800000e+03 6.0900000e+03 9.9273340e-01
6.0900000e+03 6.1000000e+03 9.9425082e-01
6.1000000e+03 6.1100000e+03 9.3070762e-01
6.1100000e+03 6.1200000e+03 9.8902197e-01
6.1200000e+03 6.1300000e+03 9.1706342e-01
6.1300000e+03 6.1400000e+03 9.2039112e-01
6.1400000e+03 6.1500000e+03 9.4132290e-01
6.1500000e+03 6.1600000e+03 9.6231165e-01
6.1600000e+03 6.1700000e+03 9.4698591e-01
6.1700000e+03 6.1800000e+03 9.6821860e-01
6.1800000e+03 6.1900000e+03 9.8481865e-01
6.1900000e+03 6.2000000e+03 9.1032886e-01
6.2000000e+03 6.2100000e+03 9.7114503e-01
6.2100000e+03 6.2200000e+03 9.4231476e-01
6.2200000e+03 6.2300000e+03 9.9175101e-01
6.2300000e+03 6.2400000e+03 9.2595683e-01
6.2400000e+03 6.2500000e+03 9.5533572e-01
6.2500000e+03 6.2600000e+03 9.3835268e-01
6.2600000e+03 6.2700000e+03 9.3105674e-01
6.2700000e+03 6.2800000e+03 9.6532867e-01
6.2800000e+03 6.2900000e+03 9.8275418e-01
6.2900000e+03 6.3000000e+03 9.7071286e-01
6.3000000e+03 6.3100000e+03 9.3826294e-01
6.3100000e+03 6.3200000e+03 9.5665791e-01
6.3200000e+03 6.3300000e+03 9.6083268e-01
6.3300000e+03 6.3400000e+03 9.2666585e-01
6.3400000e+03 6.3500000e+03 9.8515695e-01
6.3500000e+03 6.3600000e+03 9.6440610e-01
6.3600000e+03 6.3700000e+03 9.9449505e-01
6.3700000e+03 6.3800000e+03 9.9498150e-01
6.3800000e+03 6.3900000e+03 9.8578522e-01
6.3900000e+03 6.4000000e+03 9.0457703e-01
6.4000000e+03 6.4100000e+03 9.1768240e-01
6.4100000e+03 6.4200000e+03 9.3935977e-01
6.4200000e+03 6.4300000e+03 9.1215134e-01
6.4300000e+03 6.4400000e+03 9.1088640e-01
6.4400000e+03 6.4500000e+03 9.3358559e-01
6.4500000e+03 6.4600000e+03 9.7718316e-01
6.4600000e+03 6.4700000e+03 9.1659378e-01
6.4700000e+03 6.4800000e+03 9.3602093e-01
6.4800000e+03 6.4900000e+03 9.7641177e-01
6.4900000e+03 6.5000000e+03 9.4069311e-01
6.5000000e+03 6.5100000e+03 9.7219898e-01
6.5100000e+03 6.5200000e+03 9.8849268e-01
6.5200000e+03 6.5300000e+03 9.9800695e-01
6.5300000e+03 6.5400000e+03 9.9581662e-01
6.5400000e+03 6.5500000e+03 9.2312591e-01
6.5500000e+03 6.5600000e+03 9.9900331e-01
6.5600000e+03 6.5700000e+03 9.7553335e-01
6.5700000e+03 6.5800000e+03 9.8502900e-01
6.5800000e+03 6.5900000e+03 9.9249463e-01
6.5900000e+03 6.6000000e+03 9.2678242e-01
6.6000000e+03 6.6100000e+03 9.6616989e-01
6.6100000e+03 6.6200000e+03 9.9980000e-01
6.6200000e+03 6.6300000e+03 9.9842376e-01
6.6300000e+03 6.6400000e+03 9.8517775e-01
6.6400000e+03 6.6500000e+03 9.6085027e-01
6.6500000e+03 6.6600000e+03 9.9884163e-01
6.6600000e+03 6.6700000e+03 9.7254712e-01
6.6700000e+03 6.6800000e+03 9.0593093e-01
6.6800000e+03 6.6900000e+03 9.9866044e-01
6.6900000e+03 6.7000000e+03 9.9323978e-01
6.7000000e+03 6.7100000e+03 9.9573358e-01
6.7100000e+03 6.7200000e+03 9.5943956e-01
6.7200000e+03 6.7300000e+03 9.8775274e-01
6.7300000e+03 6.7400000e+03 9.9567331e-01
6.7400000e+03 6.7500000e+03 9.9839934e-01
6.7500000e+03 6.7600000e+03 9.6898986e-01
6.7600000e+03 6.7700000e+03 9.6248790e-01
6.7700000e+03 6.7800000e+03 9.8928285e-01
6.7800000e+03 6.7900000e+03 9.9581766e-01
6.7900000e+03 6.8000000e+03 9.9249377e-01
6.8000000e+03 6.8100000e+03 9.6246142e-01
6.8100000e+03 6.8200000e+03 9.9318179e-01
6.8200000e+03 6.8300000e+03 9.8882631e-01
6.8300000e+03 6.8400000e+03 9.9726519e-01
6.8400000e+03 6.8500000e+03 9.7917247e-01
6.8500000e+03 6.8600000e+03 9.7281841e-01
6.8600000e+03 6.8700000e+03 9.5542750e-01
6.8700000e+03 6.8800000e+03 9.9910109e-01
6.8800000e+03 6.8900000e+03 9.9143727e-01
6.8900000e+03 6.9000000e+03 9.9833639e-01
6.9000000e+03 6.9100000e+03 9.9911264e-01
6.9100000e+03 6.9200000e+03 9.7850956e-01
6.9200000e+03 6.9300000e+03 9.8739183e-01
6.9300000e+03 6.9400000e+03 9.9621379e-01
6.9400000e+03 6.9500000e+03 9.5186899e-01
6.9500000e+03 6.9600000e+03 9.9569912e-01
6.9600000e+03 6.9700000e+03 9.9815462e-01
6.9700000e+03 6.9800000e+03 9.8203813e-01
6.9800000e+03 6.9900000e+03 9.9784841e-01
6.9900000e+03 7.0000000e+03 9.9245768e-01
7.0000000e+03 7.0100000e+03 9.9996296e-01
7.0100000e+03 7.0200000e+03 9.8332001e-01
7.0200000e+03 7.0300000e+03 9.8660755e-01
7.0300000e+03 7.0400000e+03 9.8571173e-01
7.0400000e+03 7.0500000e+03 9.9812734e-01
7.0500000e+03 7.0600000e+03 9.9822616e-01
7.0600000e+03 7.0700000e+03 9.8640684e-01
7.0700000e+03 7.0800000e+03 9.9734392e-01
7.0800000e+03 7.0900000e+03 9.9475212e-01
7.0900000e+03 7.1000000e+03 9.8609252e-01
7.1000000e+03 7.1100000e+03 9.9870520e-01
7.1100000e+03 7.1200000e+03 9.9496322e-01
7.1200000e+03 7.1300000e+03 9.4263442e-01
7.1300000e+03 7.1400000e+03 9.6864889e-01
7.1400000e+03 7.1500000e+03 9.2009156e-01
7.1500000e+03 7.1600000e+03 9.8551437e-01
7.1600000e+03 7.1700000e+03 9.5498338e-01
7.1700000e+03 7.1800000e+03 9.9091079e-01
7.1800000e+03 7.1900000e+03 9.4233455e-01
7.1900000e+03 7.2000000e+03 9.8840820e-01
7.2000000e+03 7.2100000e+03 9.4100328e-01
7.2100000e+03 7.2200000e+03 9.9430073e-01
7.2200000e+03 7.2300000e+03 9.6905528e-01
7.2300000e+03 7.2400000e+03 9.9304757e-01
7.2400000e+03 7.2500000e+03 9.9074596e-01
7.2500000e+03 7.2600000e+03 9.9032847e-01
7.2600000e+03 7.2700000e+03 9.8389240e-01
7.2700000e+03 7.2800000e+03 9.8866698e-01
7.2800000e+03 7.2900000e+03 9.6501062e-01
7.2900000e+03 7.3000000e+03 9.8214609e-01
7.3000000e+03 7.3100000e+03 9.7457364e-01
7.3100000e+03 7.3200000e+03 9.8625314e-01
7.3200000e+03 7.3300000e+03 9.3177452e-01
7.3300000e+03 7.3400000e+03 9.9552035e-01
7.3400000e+03 7.3500000e+03 9.9908005e-01
7.3500000e+03 7.3600000e+03 9.7712760e-01
7.3600000e+03 7.3700000e+03 9.9457904e-01
7.3700000e+03 7.3800000e+03 9.9640274e-01
7.3800000e+03 7.3900000e+03 9.6759702e-01
7.3900000e+03 7.4000000e+03 9.8343675e-01
7.4000000e+03 7.4100000e+03 9.6114634e-01
7.4100000e+03 7.4200000e+03 9.5692364e-01
7.4200000e+03 7.4300000e+03 9.5268693e-01
7.4300000e+03 7.4400000e+03 9.9828491e-01
7.4400000e+03 7.4500000e+03 9.4717292e-01
7.4500000e+03 7.4600000e+03 9.9814710e-01
7.4600000e+03 7.4700000e+03 9.5973757e-01
7.4700000e+03 7.4800000e+03 9.9754999e-01
7.4800000e+03 7.4900000e+03 9.9829834e-01
7.4900000e+03 7.5000000e+03 9.3281458e-01
7.5000000e+03 7.5100000e+03 9.9875572e-01
7.5100000e+03 7.5200000e+03 9.1709235e-01
7.5200000e+03 7.5300000e+03 9.5957628e-01
7.5300000e+03 7.5400000e+03 9.9355463e-01
7.5400000e+03 7.5500000e+03 9.9962351e-01
7.5500000e+03 7.5600000e+03 9.5372563e-01
7.5600000e+03 7.5700000e+03 9.7881928e-01
7.5700000e+03 7.5800000e+03 9.7833680e-01
7.5800000e+03 7.5900000e+03 9.5308903e-01
7.5900000e+03 7.6000000e+03 9.9949877e-01
7.6000000e+03 7.6100000e+03 9.9772085e-01
7.6100000e+03 7.6200000e+03 9.4111996e-01
7.6200000e+03 7.6300000e+03 9.8604118e-01
7.6300000e+03 7.6400000e+03 9.9980477e-01
7.6400000e+03 7.6500000e+03 9.9941659e-01
7.6500000e+03 7.6600000e+03 9.6782496e-01
7.6600000e+03 7.6700000e+03 9.5046885e-01
7.6700000e+03 7.6800000e+03 9.9969399e-01
7.6800000e+03 7.6900000e+03 9.8821150e-01
7.6900000e+03 7.7000000e+03 9.8012226e-01
7.7000000e+03 7.7100000e+03 9.9986943e-01
7.7100000e+03 7.7200000e+03 9.6429137e-01
7.7200000e+03 7.7300000e+03 9.6879638e-01
7.7300000e+03 7.7400000e+03 9.9959064e-01
7.7400000e+03 7.7500000e+03 9.5053621e-01
7.7500000e+03 7.7600000e+03 9.9568762e-01
7.7600000e+03 7.7700000e+03 9.9973078e-01
7.7700000e+03 7.7800000e+03 9.8899006e-01
7.7800000e+03 7.7900000e+03 9.7967384e-01
7.7900000e+03 7.8000000e+03 9.6874676e-01
7.8000000e+03 7.8100000e+03 9.9320590e-01
7.8100000e+03 7.8200000e+03 9.9567026e-01
7.8200000e+03 7.8300000e+03 9.8592964e-01
7.8300000e+03 7.8400000e+03 9.3855535e-01
7.8400000e+03 7.8500000e+03 9.9773093e-01
7.8500000e+03 7.8600000e+03 9.4118618e-01
7.8600000e+03 7.8700000e+03 9.9836152e-01
7.8700000e+03 7.8800000e+03 9.9891157e-01
7.8800000e+03 7.8900000e+03 9.9880734e-01
7.8900000e+03 7.9000000e+03 9.9891789e-01
7.9000000e+03 7.9100000e+03 9.9807452e-01
7.9100000e+03 7.9200000e+03 9.8308762e-01
7.9200000e+03 7.9300000e+03 9.9958661e-01
7.9300000e+03 7.9400000e+03 9.4041551e-01
7.9400000e+03 7.9500000e+03 9.3734960e-01
7.9500000e+03 7.9600000e+03 9.9693157e-01
7.9600000e+03 7.9700000e+03 9.9961316e-01
7.9700000e+03 7.9800000e+03 9.9797056e-01
7.9800000e+03 7.9900000e+03 9.9957320e-01
7.9900000e+03 8.0000000e+03 9.2726596e-01
8.0000000e+03 8.0100000e+03 9.9874976e-01
8.0100000e+03 8.0200000e+03 9.9911440e-01
8.0200000e+03 8.0300000e+03 9.8150079e-01
8.0300000e+03 8.0400000e+03 9.9658531e-01
8.0400000e+03 8.0500000e+03 9.4533404e-01
8.0500000e+03 8.0600000e+03 9.9730621e-01
8.0600000e+03 8.0700000e+03 9.9971365e-01
8.0700000e+03 8.0800000e+03 9.9720659e-01
8.0800000e+03 8.0900000e+03 9.4838157e-01
8.0900000e+03 8.1000000e+03 9.8027577e-01
8.1000000e+03 8.1100000e+03 9.9963066e-01
8.1100000e+03 8.1200000e+03 9.9913795e-01
8.1200000e+03 8.1300000e+03 9.9961709e-01
8.1300000e+03 8.1400000e+03 9.9989295e-01
8.1400000e+03 8.1500000e+03 9.9944932e-01
8.1500000e+03 8.1600000e+03 9.9935904e-01
8.1600000e+03 8.1700000e+03 9.9392446e-01
8.1700000e+03 8.1800000e+03 9.9737821e-01
8.1800000e+03 8.1900000e+03 9.9341425e-01
8.1900000e+03 8.2000000e+03 9.7119152e-01
8.2000000e+03 8.2100000e+03 9.8495954e-01
8.2100000e+03 8.2200000e+03 9.6746597e-01
8.2200000e+03 8.2300000e+03 9.1950056e-01
8.2300000e+03 8.2400000e+03 9.6764734e-01
8.2400000e+03 8.2500000e+03 9.8109600e-01
8.2500000e+03 8.2600000e+03 9.9757391e-01
8.2600000e+03 8.2700000e+03 9.9840009e-01
8.2700000e+03 8.2800000e+03 9.9896231e-01
8.2800000e+03 8.2900000e+03 9.9984258e-01
8.2900000e+03 8.3000000e+03 9.8771086e-01
8.3000000e+03 8.3100000e+03 9.8489215e-01
8.3100000e+03 8.3200000e+03 9.8918139e-01
8.3200000e+03 8.3300000e+03 9.0652252e-01
8.3300000e+03 8.3400000e+03 9.7730700e-01
8.3400000e+03 8.3500000e+03 9.8189677e-01
8.3500000e+03 8.3600000e+03 9.9860417e-01
8.3600000e+03 8.3700000e+03 9.8150435e-01
8.3700000e+03 8.3800000e+03 9.9797021e-01
8.3800000e+03 8.3900000e+03 9.1627903e-01
8.3900000e+03 8.4000000e+03 9.9754979e-01
8.4000000e+03 8.4100000e+03 9.9682160e-01
8.4100000e+03 8.4200000e+03 9.8416360e-01
8.4200000e+03 8.4300000e+03 9.8936954e-01
8.4300000e+03 8.4400000e+03 9.7188942e-01
8.4400000e+03 8.4500000e+03 9.9277661e-01
8.4500000e+03 8.4600000e+03 9.9782907e-01
8.4600000e+03 8.4700000e+03 9.1981147e-01
8.4700000e+03 8.4800000e+03 9.9392539e-01
8.4800000e+03 8.4900000e+03 9.9506039e-01
8.4900000e+03 8.5000000e+03 9.4673061e-01
8.5000000e+03 8.5100000e+03 9.9468438e-01
8.5100000e+03 8.5200000e+03 9.2845668e-01
8.5200000e+03 8.5300000e+03 9.7735499e-01
8.5300000e+03 8.5400000e+03 9.9705420e-01
8.5400000e+03 8.5500000e+03 9.7278635e-01
8.5500000e+03 8.5600000e+03 9.8135424e-01
8.5600000e+03 8.5700000e+03 9.9989038e-01
8.5700000e+03 8.5800000e+03 9.9913914e-01
8.5800000e+03 8.5900000e+03 9.6511695e-01
8.5900000e+03 8.6000000e+03 9.9383245e-01
8.6000000e+03 8.6100000e+03 9.9845981e-01
8.6100000e+03 8.6200000e+03 9.4790404e-01
8.6200000e+03 8.6300000e+03 9.6093009e-01
8.6300000e+03 8.6400000e+03 9.9775695e-01
8.6400000e+03 8.6500000e+03 9.8445640e-01
8.6500000e+03 8.6600000e+03 9.9938628e-01
8.6600000e+03 8.6700000e+03 9.6788823e-01
8.6700000e+03 8.6800000e+03 9.3264771e-01
8.6800000e+03 8.6900000e+03 9.2653813e-01
8.6900000e+03 8.7000000e+03 9.8046079e-01
8.7000000e+03 8.7100000e+03 9.9917495e-01
8.7100000e+03 8.7200000e+03 9.8495415e-01
8.7200000e+03 8.7300000e+03 9.9218152e-01
8.7300000e+03 8.7400000e+03 9.6741245e-01
8.7400000e+03 8.7500000e+03 9.8766666e-01
8.7500000e+03 8.7600000e+03 9.3998487e-01
8.7600000e+03 8.7700000e+03 9.9899971e-01
8.7700000e+03 8.7800000e+03 9.7813320e-01
8.7800000e+03 8.7900000e+03 9.9897379e-01
8.7900000e+03 8.8000000e+03 9.6009931e-01
8.8000000e+03 8.8100000e+03 9.4039471e-01
8.8100000e+03 8.8200000e+03 9.9581695e-01
8.8200000e+03 8.8300000e+03 9.1037870e-01
8.8300000e+03 8.8400000e+03 9.3894916e-01
8.8400000e+03 8.8500000e+03 9.9236624e-01
8.8500000e+03 8.8600000e+03 9.9996090e-01
8.8600000e+03 8.8700000e+03 9.4713604e-01
8.8700000e+03 8.8800000e+03 9.9676448e-01
8.8800000e+03 8.8900000e+03 9.9946892e-01
8.8900000e+03 8.9000000e+03 9.9269471e-01
8.9000000e+03 8.9100000e+03 9.9936091e-01
8.9100000e+03 8.9200000e+03 9.8245399e-01
8.9200000e+03 8.9300000e+03 9.8223660e-01
8.9300000e+03 8.9400000e+03 9.9920101e-01
8.9400000e+03 8.9500000e+03 9.6960312e-01
8.9500000e+03 8.9600000e+03 9.9896360e-01
8.9600000e+03 8.9700000e+03 9.9353730e-01
8.9700000e+03 8.9800000e+03 9.8750523e-01
8.9800000e+03 8.9900000e+03 9.9723890e-01
8.9900000e+03 9.0000000e+03 9.2094883e-01
9.0000000e+03 9.0100000e+03 9.7739982e-01
9.0100000e+03 9.0200000e+03 9.6867378e-01
9.0200000e+03 9.0300000e+03 9.8689245e-01
9.0300000e+03 9.0400000e+03 9.9766066e-01
9.0400000e+03 9.0500000e+03 9.9982844e-01
9.0500000e+03 9.0600000e+03 9.9815677e-01
9.0600000e+03 9.0700000e+03 9.7773039e-01
9.0700000e+03 9.0800000e+03 9.8181373e-01
9.0800000e+03 9.0900000e+03 9.4611067e-01
9.0900000e+03 9.1000000e+03 9.6629473e-01
9.1000000e+03 9.1100000e+03 9.9696827e-01
9.1100000e+03 9.1200000e+03 9.6247507e-01
9.1200000e+03 9.1300000e+03 9.9978325e-01
9.1300000e+03 9.1400000e+03 9.9954858e-01
9.1400000e+03 9.1500000e+03 9.9325423e-01
9.1500000e+03 9.1600000e+03 9.9979626e-01
9.1600000e+03 9.1700000e+03 9.9585537e-01
9.1700000e+03 9.1800000e+03 9.9449891e-01
9.1800000e+03 9.1900000e+03 9.9969245e-01
9.1900000e+03 9.2000000e+03 9.9571122e-01
9.2000000e+03 9.2100000e+03 9.9449388e-01
9.2100000e+03 9.2200000e+03 0.0000000e+00
9.2200000e+03 9.2300000e+03 0.0000000e+00
9.2300000e+03 9.2400000e+03 0.0000000e+00
9.2400000e+03 9.2500000e+03 0.0000000e+00
9.2500000e+03 9.2600000e+03 0.0000000e+00
9.2600000e+03 9.2700000e+03 0.0000000e+00
9.2700000e+03 9.2800000e+03 0.0000000e+00
9.2800000e+03 9.2900000e+03 0.0000000e+00
9.2900000e+03 9.3000000e+03 0.0000000e+00
9.3000000e+03 9.3100000e+03 0.0000000e+00
9.3100000e+03 9.3200000e+03 0.0000000e+00
9.3200000e+03 9.3300000e+03 0.0000000e+00
9.3300000e+03 9.3400000e+03 0.0000000e+00
9.3400000e+03 9.3500000e+03 0.0000000e+00
9.3500000e+03 9.3600000e+03 0.0000000e+00
9.3600000e+03 9.3700000e+03 0.0000000e+00
9.3700000e+03 9.3800000e+03 0.0000000e+00
9.3800000e+03 9.3900000e+03 0.0000000e+00
9.3900000e+03 9.4000000e+03 0.0000000e+00
