8.5000000e+02 8.6000000e+02 0.0000000e+00
8.6000000e+02 8.7000000e+02 0.0000000e+00
8.7000000e+02 8.8000000e+02 0.0000000e+00
8.8000000e+02 8.9000000e+02 0.0000000e+00
8.9000000e+02 9.0000000e+02 0.0000000e+00
9.0000000e+02 9.1000000e+02 9.0059041e-01
9.1000000e+02 9.2000000e+02 1.0062746e+00
9.2000000e+02 9.3000000e+02 1.0000802e+00
9.3000000e+02 9.4000000e+02 1.0032039e+00
9.4000000e+02 9.5000000e+02 9.6625009e-01
9.5000000e+02 9.6000000e+02 9.5168435e-01
9.6000000e+02 9.7000000e+02 9.1920028e-01
9.7000000e+02 9.8000000e+02 9.9721690e-01
9.8000000e+02 9.9000000e+02 9.3410065e-01
9.9000000e+02 1.0000000e+03 9.5046932e-01
1.0000000e+03 1.0100000e+03 9.3690098e-01
1.0100000e+03 1.0200000e+03 9.7967906e-01
1.0200000e+03 1.0300000e+03 9.9685157e-01
1.0300000e+03 1.0400000e+03 8.9794270e-01
1.0400000e+03 1.0500000e+03 9.1508203e-01
1.0500000e+03 1.0600000e+03 9.6865666e-01
1.0600000e+03 1.0700000e+03 9.3650754e-01
1.0700000e+03 1.0800000e+03 9.3824278e-01
1.0800000e+03 1.0900000e+03 9.1106491e-01
1.0900000e+03 1.1000000e+03 9.5084341e-01
1.1000000e+03 1.1100000e+03 1.0276951e+00
1.1100000e+03 1.1200000e+03 9.7306683e-01
1.1200000e+03 1.1300000e+03 9.6976647e-01
1.1300000e+03 1.1400000e+03 9.5934859e-01
1.1400000e+03 1.1500000e+03 9.2182339e-01
1.1500000e+03 1.1600000e+03 9.9841228e-01
1.1600000e+03 1.1700000e+03 9.5851935e-01
1.1700000e+03 1.1800000e+03 9.5406012e-01
1.1800000e+03 1.1900000e+03 9.5331885e-01
1.1900000e+03 1.2000000e+03 9.6928051e-01
1.2000000e+03 1.2100000e+03 9.1119787e-01
1.2100000e+03 1.2200000e+03 9.9941303e-01
1.2200000e+03 1.2300000e+03 9.6193327e-01
1.2300000e+03 1.2400000e+03 9.6050310e-01
1.2400000e+03 1.2500000e+03 9.8467328e-01
1.2500000e+03 1.2600000e+03 9.7294584e-01
1.2600000e+03 1.2700000e+03 9.3469338e-01
1.2700000e+03 1.2800000e+03 9.6129087e-01
1.2800000e+03 1.2900000e+03 9.9411244e-01
1.2900000e+03 1.3000000e+03 9.6313415e-01
1.3000000e+03 1.3100000e+03 9.8916824e-01
1.3100000e+03 1.3200000e+03 9.6465533e-01
1.3200000e+03 1.3300000e+03 9.6885277e-01
1.3300000e+03 1.3400000e+03 9.7121799e-01
1.3400000e+03 1.3500000e+03 1.0503674e+00
1.3500000e+03 1.3600000e+03 9.8094722e-01
1.3600000e+03 1.3700000e+03 9.7556594e-01
1.3700000e+03 1.3800000e+03 9.7720255e-01
1.3800000e+03 1.3900000e+03 9.6712166e-01
1.3900000e+03 1.4000000e+03 9.4544834e-01
1.4000000e+03 1.4100000e+03 9.7975819e-01
1.4100000e+03 1.4200000e+03 9.7340855e-01
1.4200000e+03 1.4300000e+03 9.7476466e-01
1.4300000e+03 1.4400000e+03 9.7639921e-01
1.4400000e+03 1.4500000e+03 9.8837404e-01
1.4500000e+03 1.4600000e+03 9.7273239e-01
1.4600000e+03 1.4700000e+03 9.8156605e-01
1.4700000e+03 1.4800000e+03 9.7408015e-01
1.4800000e+03 1.4900000e+03 9.7319099e-01
1.4900000e+03 1.5000000e+03 9.6778647e-01
1.5000000e+03 1.5100000e+03 9.6273448e-01
1.5100000e+03 1.5200000e+03 9.8317777e-01
1.5200000e+03 1.5300000e+03 1.1160686e+00
1.5300000e+03 1.5400000e+03 9.4331028e-01
1.5400000e+03 1.5500000e+03 9.3009607e-01
1.5500000e+03 1.5600000e+03 9.5743360e-01
1.5600000e+03 1.5700000e+03 9.2942990e-01
1.5700000e+03 1.5800000e+03 9.7728095e-01
1.5800000e+03 1.5900000e+03 9.7839957e-01
1.5900000e+03 1.6000000e+03 9.7193382e-01
1.6000000e+03 1.6100000e+03 9.8221170e-01
1.6100000e+03 1.6200000e+03 9.8056782e-01
1.6200000e+03 1.6300000e+03 9.3946881e-01
1.6300000e+03 1.6400000e+03 9.6604126e-01
1.6400000e+03 1.6500000e+03 9.7530833e-01
1.6500000e+03 1.6600000e+03 9.8464053e-01
1.6600000e+03 1.6700000e+03 9.8446378e-01
1.6700000e+03 1.6800000e+03 9.8207817e-01
1.6800000e+03 1.6900000e+03 1.1501699e+00
1.6900000e+03 1.7000000e+03 9.7759880e-01
1.7000000e+03 1.7100000e+03 8.9398421e-01
1.7100000e+03 1.7200000e+03 1.0157880e+00
1.7200000e+03 1.7300000e+03 9.8850357e-01
1.7300000e+03 1.7400000e+03 9.9096756e-01
1.7400000e+03 1.7500000e+03 9.7941832e-01
1.7500000e+03 1.7600000e+03 9.7991245e-01
1.7600000e+03 1.7700000e+03 9.8394445e-01
1.7700000e+03 1.7800000e+03 9.2947238e-01
1.7800000e+03 1.7900000e+03 9.9514218e-01
1.7900000e+03 1.8000000e+03 9.6449754e-01
1.8000000e+03 1.8100000e+03 9.9299195e-01
1.8100000e+03 1.8200000e+03 9.8998381e-01
1.8200000e+03 1.8300000e+03 9.8774356e-01
1.8300000e+03 1.8400000e+03 9.9016387e-01
1.8400000e+03 1.8500000e+03 9.7901584e-01
1.8500000e+03 1.8600000e+03 9.8468648e-01
1.8600000e+03 1.8700000e+03 1.0307104e+00
1.8700000e+03 1.8800000e+03 9.9279458e-01
1.8800000e+03 1.8900000e+03 9.5463767e-01
1.8900000e+03 1.9000000e+03 9.9442515e-01
1.9000000e+03 1.9100000e+03 9.9521165e-01
1.9100000e+03 1.9200000e+03 9.8697161e-01
1.9200000e+03 1.9300000e+03 9.9244137e-01
1.9300000e+03 1.9400000e+03 9.8168853e-01
1.9400000e+03 1.9500000e+03 9.8515384e-01
1.9500000e+03 1.9600000e+03 9.9221071e-01
1.9600000e+03 1.9700000e+03 9.9066193e-01
1.9700000e+03 1.9800000e+03 9.9196374e-01
1.9800000e+03 1.9900000e+03 9.9068222e-01
1.9900000e+03 2.0000000e+03 9.8788133e-01
2.0000000e+03 2.0100000e+03 9.9100982e-01
2.0100000e+03 2.0200000e+03 9.9307884e-01
2.0200000e+03 2.0300000e+03 9.7999735e-01
2.0300000e+03 2.0400000e+03 9.9247154e-01
2.0400000e+03 2.0500000e+03 9.9126764e-01
2.0500000e+03 2.0600000e+03 9.9610840e-01
2.0600000e+03 2.0700000e+03 9.9038431e-01
2.0700000e+03 2.0800000e+03 9.9977921e-01
2.0800000e+03 2.0900000e+03 1.0198248e+00
2.0900000e+03 2.1000000e+03 9.7469700e-01
2.1000000e+03 2.1100000e+03 1.0114960e+00
2.1100000e+03 2.1200000e+03 9.9374674e-01
2.1200000e+03 2.1300000e+03 1.0006551e+00
2.1300000e+03 2.1400000e+03 1.0220563e+00
2.1400000e+03 2.1500000e+03 1.0190854e+00
2.1500000e+03 2.1600000e+03 1.0325067e+00
2.1600000e+03 2.1700000e+03 1.0014476e+00
2.1700000e+03 2.1800000e+03 1.0156971e+00
2.1800000e+03 2.1900000e+03 1.0120185e+00
2.1900000e+03 2.2000000e+03 9.7687085e-01
2.2000000e+03 2.2100000e+03 1.0142601e+00
2.2100000e+03 2.2200000e+03 1.0071242e+00
2.2200000e+03 2.2300000e+03 1.0316423e+00
2.2300000e+03 2.2400000e+03 1.0356214e+00
2.2400000e+03 2.2500000e+03 1.0067785e+00
2.2500000e+03 2.2600000e+03 9.9618535e-01
2.2600000e+03 2.2700000e+03 1.0057812e+00
2.2700000e+03 2.2800000e+03 9.9965194e-01
2.2800000e+03 2.2900000e+03 1.0070833e+00
2.2900000e+03 2.3000000e+03 1.0119959e+00
2.3000000e+03 2.3100000e+03 1.0071352e+00
2.3100000e+03 2.3200000e+03 1.0104307e+00
2.3200000e+03 2.3300000e+03 1.0076243e+00
2.3300000e+03 2.3400000e+03 1.0039939e+00
2.3400000e+03 2.3500000e+03 9.9419544e-01
2.3500000e+03 2.3600000e+03 1.0117776e+00
2.3600000e+03 2.3700000e+03 9.9374600e-01
2.3700000e+03 2.3800000e+03 9.9990183e-01
2.3800000e+03 2.3900000e+03 9.7474632e-01
2.3900000e+03 2.4000000e+03 9.7833040e-01
2.4000000e+03 2.4100000e+03 9.9764936e-01
2.4100000e+03 2.4200000e+03 9.9175882e-01
2.4200000e+03 2.4300000e+03 1.0171943e+00
2.4300000e+03 2.4400000e+03 1.0152724e+00
2.4400000e+03 2.4500000e+03 1.0138706e+00
2.4500000e+03 2.4600000e+03 1.0114048e+00
2.4600000e+03 2.4700000e+03 1.0146382e+00
2.4700000e+03 2.4800000e+03 9.9929200e-01
2.4800000e+03 2.4900000e+03 9.8652095e-01
2.4900000e+03 2.5000000e+03 9.9605719e-01
2.5000000e+03 2.5100000e+03 1.0108158e+00
2.5100000e+03 2.5200000e+03 1.0059195e+00
2.5200000e+03 2.5300000e+03 1.0001001e+00
2.5300000e+03 2.5400000e+03 9.8967965e-01
2.5400000e+03 2.5500000e+03 9.8443030e-01
2.5500000e+03 2.5600000e+03 9.9043649e-01
2.5600000e+03 2.5700000e+03 9.8140976e-01
2.5700000e+03 2.5800000e+03 1.0066681e+00
2.5800000e+03 2.5900000e+03 9.9951972e-01
2.5900000e+03 2.6000000e+03 9.8929265e-01
2.6000000e+03 2.6100000e+03 9.9220541e-01
2.6100000e+03 2.6200000e+03 9.8150367e-01
2.6200000e+03 2.6300000e+03 9.9585856e-01
2.6300000e+03 2.6400000e+03 1.0097058e+00
2.6400000e+03 2.6500000e+03 1.0161522e+00
2.6500000e+03 2.6600000e+03 1.0104833e+00
2.6600000e+03 2.6700000e+03 1.0153370e+00
2.6700000e+03 2.6800000e+03 1.0189382e+00
2.6800000e+03 2.6900000e+03 1.0208472e+00
2.6900000e+03 2.7000000e+03 1.0138680e+00
2.7000000e+03 2.7100000e+03 1.0098451e+00
2.7100000e+03 2.7200000e+03 1.0031330e+00
2.7200000e+03 2.7300000e+03 1.0099480e+00
2.7300000e+03 2.7400000e+03 9.9619204e-01
2.7400000e+03 2.7500000e+03 9.9367090e-01
2.7500000e+03 2.7600000e+03 1.0032394e+00
2.7600000e+03 2.7700000e+03 1.0097323e+00
2.7700000e+03 2.7800000e+03 1.0077822e+00
2.7800000e+03 2.7900000e+03 9.9940678e-01
2.7900000e+03 2.8000000e+03 9.9377995e-01
2.8000000e+03 2.8100000e+03 9.8928999e-01
2.8100000e+03 2.8200000e+03 1.0006673e+00
2.8200000e+03 2.8300000e+03 1.0049156e+00
2.8300000e+03 2.8400000e+03 1.0116985e+00
2.8400000e+03 2.8500000e+03 9.9455166e-01
2.8500000e+03 2.8600000e+03 9.9005520e-01
2.8600000e+03 2.8700000e+03 1.0100703e+00
2.8700000e+03 2.8800000e+03 1.0136700e+00
2.8800000e+03 2.8900000e+03 1.0188990e+00
2.8900000e+03 2.9000000e+03 9.9989746e-01
2.9000000e+03 2.9100000e+03 9.9330063e-01
2.9100000e+03 2.9200000e+03 1.0038522e+00
2.9200000e+03 2.9300000e+03 1.0118011e+00
2.9300000e+03 2.9400000e+03 1.0035061e+00
2.9400000e+03 2.9500000e+03 1.0051829e+00
2.9500000e+03 2.9600000e+03 1.0083823e+00
2.9600000e+03 2.9700000e+03 1.0064601e+00
2.9700000e+03 2.9800000e+03 1.0056110e+00
2.9800000e+03 2.9900000e+03 1.0080182e+00
2.9900000e+03 3.0000000e+03 1.0001631e+00
3.0000000e+03 3.0100000e+03 9.9853666e-01
3.0100000e+03 3.0200000e+03 1.0004656e+00
3.0200000e+03 3.0300000e+03 9.9716998e-01
3.0300000e+03 3.0400000e+03 1.0064470e+00
3.0400000e+03 3.0500000e+03 1.0048873e+00
3.0500000e+03 3.0600000e+03 1.0040422e+00
3.0600000e+03 3.0700000e+03 1.0031248e+00
3.0700000e+03 3.0800000e+03 1.0053738e+00
3.0800000e+03 3.0900000e+03 1.0001205e+00
3.0900000e+03 3.1000000e+03 1.0028021e+00
3.1000000e+03 3.1100000e+03 1.0031724e+00
3.1100000e+03 3.1200000e+03 1.0060443e+00
3.1200000e+03 3.1300000e+03 1.0057817e+00
3.1300000e+03 3.1400000e+03 1.0068837e+00
3.1400000e+03 3.1500000e+03 1.0029387e+00
3.1500000e+03 3.1600000e+03 1.0031195e+00
3.1600000e+03 3.1700000e+03 1.0074759e+00
3.1700000e+03 3.1800000e+03 1.0067984e+00
3.1800000e+03 3.1900000e+03 1.0049041e+00
3.1900000e+03 3.2000000e+03 1.0025673e+00
3.2000000e+03 3.2100000e+03 1.0044844e+00
3.2100000e+03 3.2200000e+03 9.9907935e-01
3.2200000e+03 3.2300000e+03 1.0032033e+00
3.2300000e+03 3.2400000e+03 1.0023833e+00
3.2400000e+03 3.2500000e+03 1.0025629e+00
3.2500000e+03 3.2600000e+03 1.0002896e+00
3.2600000e+03 3.2700000e+03 1.0023411e+00
3.2700000e+03 3.2800000e+03 1.0011278e+00
3.2800000e+03 3.2900000e+03 1.0025050e+00
3.2900000e+03 3.3000000e+03 9.9777539e-01
3.3000000e+03 3.3100000e+03 9.9790608e-01
3.3100000e+03 3.3200000e+03 9.9792091e-01
3.3200000e+03 3.3300000e+03 9.9951740e-01
3.3300000e+03 3.3400000e+03 1.0011454e+00
3.3400000e+03 3.3500000e+03 9.9924225e-01
3.3500000e+03 3.3600000e+03 1.0013536e+00
3.3600000e+03 3.3700000e+03 1.0000883e+00
3.3700000e+03 3.3800000e+03 9.9921996e-01
3.3800000e+03 3.3900000e+03 1.0003991e+00
3.3900000e+03 3.4000000e+03 1.0007272e+00
3.4000000e+03 3.4100000e+03 1.0001137e+00
3.4100000e+03 3.4200000e+03 9.9967891e-01
3.4200000e+03 3.4300000e+03 9.9962559e-01
3.4300000e+03 3.4400000e+03 9.9723099e-01
3.4400000e+03 3.4500000e+03 9.9841310e-01
3.4500000e+03 3.4600000e+03 9.9795300e-01
3.4600000e+03 3.4700000e+03 1.0008695e+00
3.4700000e+03 3.4800000e+03 9.9948751e-01
3.4800000e+03 3.4900000e+03 9.9500320e-01
3.4900000e+03 3.5000000e+03 9.9925796e-01
3.5000000e+03 3.5100000e+03 9.9744079e-01
3.5100000e+03 3.5200000e+03 9.9558871e-01
3.5200000e+03 3.5300000e+03 9.9593304e-01
3.5300000e+03 3.5400000e+03 9.9787936e-01
3.5400000e+03 3.5500000e+03 9.9502992e-01
3.5500000e+03 3.5600000e+03 9.9650484e-01
3.5600000e+03 3.5700000e+03 9.9682821e-01
3.5700000e+03 3.5800000e+03 1.0022182e+00
3.5800000e+03 3.5900000e+03 9.9762450e-01
3.5900000e+03 3.6000000e+03 9.9619262e-01
3.6000000e+03 3.6100000e+03 9.9929169e-01
3.6100000e+03 3.6200000e+03 1.0003226e+00
3.6200000e+03 3.6300000e+03 9.9598255e-01
3.6300000e+03 3.6400000e+03 9.9864390e-01
3.6400000e+03 3.6500000e+03 9.7149603e-01
3.6500000e+03 3.6600000e+03 9.9385833e-01
3.6600000e+03 3.6700000e+03 9.9665024e-01
3.6700000e+03 3.6800000e+03 9.9402269e-01
3.6800000e+03 3.6900000e+03 9.9381430e-01
3.6900000e+03 3.7000000e+03 9.9647292e-01
3.7000000e+03 3.7100000e+03 9.8839550e-01
3.7100000e+03 3.7200000e+03 9.5798582e-01
3.7200000e+03 3.7300000e+03 9.1082613e-01
3.7300000e+03 3.7400000e+03 9.6300493e-01
3.7400000e+03 3.7500000e+03 1.0062614e+00
3.7500000e+03 3.7600000e+03 9.0758518e-01
3.7600000e+03 3.7700000e+03 1.0493693e+00
3.7700000e+03 3.7800000e+03 8.8827346e-01
3.7800000e+03 3.7900000e+03 9.9826206e-01
3.7900000e+03 3.8000000e+03 1.1115234e+00
3.8000000e+03 3.8100000e+03 9.7691304e-01
3.8100000e+03 3.8200000e+03 1.0002493e+00
3.8200000e+03 3.8300000e+03 1.0077927e+00
3.8300000e+03 3.8400000e+03 1.1111028e+00
3.8400000e+03 3.8500000e+03 9.8719625e-01
3.8500000e+03 3.8600000e+03 1.0042028e+00
3.8600000e+03 3.8700000e+03 1.0033593e+00
3.8700000e+03 3.8800000e+03 1.0130911e+00
3.8800000e+03 3.8900000e+03 1.1228468e+00
3.8900000e+03 3.9000000e+03 9.5034144e-01
3.9000000e+03 3.9100000e+03 9.9957659e-01
3.9100000e+03 3.9200000e+03 9.9542813e-01
3.9200000e+03 3.9300000e+03 9.9919342e-01
3.9300000e+03 3.9400000e+03 9.8789648e-01
3.9400000e+03 3.9500000e+03 9.9544698e-01
3.9500000e+03 3.9600000e+03 9.9698774e-01
3.9600000e+03 3.9700000e+03 9.9099421e-01
3.9700000e+03 3.9800000e+03 8.5168314e-01
3.9800000e+03 3.9900000e+03 9.9107845e-01
3.9900000e+03 4.0000000e+03 9.9468552e-01
4.0000000e+03 4.0100000e+03 9.9435795e-01
4.0100000e+03 4.0200000e+03 9.9381824e-01
4.0200000e+03 4.0300000e+03 9.9355116e-01
4.0300000e+03 4.0400000e+03 9.9415397e-01
4.0400000e+03 4.0500000e+03 9.9277753e-01
4.0500000e+03 4.0600000e+03 9.9593994e-01
4.0600000e+03 4.0700000e+03 9.9125841e-01
4.0700000e+03 4.0800000e+03 9.9673865e-01
4.0800000e+03 4.0900000e+03 9.9439016e-01
4.0900000e+03 4.1000000e+03 1.0190705e+00
4.1000000e+03 4.1100000e+03 9.1318206e-01
4.1100000e+03 4.1200000e+03 9.8810973e-01
4.1200000e+03 4.1300000e+03 9.9254574e-01
4.1300000e+03 4.1400000e+03 9.9119593e-01
4.1400000e+03 4.1500000e+03 9.8842907e-01
4.1500000e+03 4.1600000e+03 9.9050552e-01
4.1600000e+03 4.1700000e+03 9.8951456e-01
4.1700000e+03 4.1800000e+03 9.9370343e-01
4.1800000e+03 4.1900000e+03 9.8990660e-01
4.1900000e+03 4.2000000e+03 9.9542577e-01
4.2000000e+03 4.2100000e+03 9.9034084e-01
4.2100000e+03 4.2200000e+03 9.9058120e-01
4.2200000e+03 4.2300000e+03 9.9126753e-01
4.2300000e+03 4.2400000e+03 9.9216765e-01
4.2400000e+03 4.2500000e+03 9.8901275e-01
4.2500000e+03 4.2600000e+03 9.9043622e-01
4.2600000e+03 4.2700000e+03 9.9069195e-01
4.2700000e+03 4.2800000e+03 9.8870404e-01
4.2800000e+03 4.2900000e+03 9.9290842e-01
4.2900000e+03 4.3000000e+03 9.9596670e-01
4.3000000e+03 4.3100000e+03 9.9519242e-01
4.3100000e+03 4.3200000e+03 9.8343541e-01
4.3200000e+03 4.3300000e+03 9.9348075e-01
4.3300000e+03 4.3400000e+03 1.0235240e+00
4.3400000e+03 4.3500000e+03 9.2768645e-01
4.3500000e+03 4.3600000e+03 9.8791550e-01
4.3600000e+03 4.3700000e+03 9.6711158e-01
4.3700000e+03 4.3800000e+03 9.8409013e-01
4.3800000e+03 4.3900000e+03 9.9018906e-01
4.3900000e+03 4.4000000e+03 9.8120717e-01
4.4000000e+03 4.4100000e+03 9.8922084e-01
4.4100000e+03 4.4200000e+03 9.8266879e-01
4.4200000e+03 4.4300000e+03 9.8250126e-01
4.4300000e+03 4.4400000e+03 9.9507320e-01
4.4400000e+03 4.4500000e+03 9.8660689e-01
4.4500000e+03 4.4600000e+03 9.9121088e-01
4.4600000e+03 4.4700000e+03 9.8913171e-01
4.4700000e+03 4.4800000e+03 9.7593508e-01
4.4800000e+03 4.4900000e+03 9.8764054e-01
4.4900000e+03 4.5000000e+03 9.8125396e-01
4.5000000e+03 4.5100000e+03 9.6579443e-01
4.5100000e+03 4.5200000e+03 9.8319164e-01
4.5200000e+03 4.5300000e+03 9.8438023e-01
4.5300000e+03 4.5400000e+03 9.8851689e-01
4.5400000e+03 4.5500000e+03 9.9045931e-01
4.5500000e+03 4.5600000e+03 9.7472312e-01
4.5600000e+03 4.5700000e+03 9.7476412e-01
4.5700000e+03 4.5800000e+03 9.7362729e-01
4.5800000e+03 4.5900000e+03 9.9066348e-01
4.5900000e+03 4.6000000e+03 9.8342428e-01
4.6000000e+03 4.6100000e+03 9.8051206e-01
4.6100000e+03 4.6200000e+03 9.8582224e-01
4.6200000e+03 4.6300000e+03 9.7832352e-01
4.6300000e+03 4.6400000e+03 9.8819784e-01
4.6400000e+03 4.6500000e+03 9.7268618e-01
4.6500000e+03 4.6600000e+03 9.7633483e-01
4.6600000e+03 4.6700000e+03 9.8844487e-01
4.6700000e+03 4.6800000e+03 9.6956816e-01
4.6800000e+03 4.6900000e+03 9.8690982e-01
4.6900000e+03 4.7000000e+03 9.8611815e-01
4.7000000e+03 4.7100000e+03 9.8904780e-01
4.7100000e+03 4.7200000e+03 9.7989717e-01
4.7200000e+03 4.7300000e+03 9.8795639e-01
4.7300000e+03 4.7400000e+03 9.8235783e-01
4.7400000e+03 4.7500000e+03 9.7837527e-01
4.7500000e+03 4.7600000e+03 9.7114303e-01
4.7600000e+03 4.7700000e+03 9.8355790e-01
4.7700000e+03 4.7800000e+03 9.7916616e-01
4.7800000e+03 4.7900000e+03 9.7699725e-01
4.7900000e+03 4.8000000e+03 9.9345395e-01
4.8000000e+03 4.8100000e+03 9.8744023e-01
4.8100000e+03 4.8200000e+03 9.8522297e-01
4.8200000e+03 4.8300000e+03 9.6560337e-01
4.8300000e+03 4.8400000e+03 9.7992254e-01
4.8400000e+03 4.8500000e+03 9.8069654e-01
4.8500000e+03 4.8600000e+03 9.8795435e-01
4.8600000e+03 4.8700000e+03 9.4486470e-01
4.8700000e+03 4.8800000e+03 9.8005356e-01
4.8800000e+03 4.8900000e+03 9.9200742e-01
4.8900000e+03 4.9000000e+03 9.6257334e-01
4.9000000e+03 4.9100000e+03 9.6852347e-01
4.9100000e+03 4.9200000e+03 9.8242318e-01
4.9200000e+03 4.9300000e+03 9.7320322e-01
4.9300000e+03 4.9400000e+03 9.8377496e-01
4.9400000e+03 4.9500000e+03 9.7297922e-01
4.9500000e+03 4.9600000e+03 9.6942498e-01
4.9600000e+03 4.9700000e+03 9.7783365e-01
4.9700000e+03 4.9800000e+03 9.8009720e-01
4.9800000e+03 4.9900000e+03 9.8897575e-01
4.9900000e+03 5.0000000e+03 9.7884386e-01
5.0000000e+03 5.0100000e+03 9.8851004e-01
5.0100000e+03 5.0200000e+03 9.8764203e-01
5.0200000e+03 5.0300000e+03 9.8958046e-01
5.0300000e+03 5.0400000e+03 9.8696519e-01
5.0400000e+03 5.0500000e+03 9.8664043e-01
5.0500000e+03 5.0600000e+03 9.5391300e-01
5.0600000e+03 5.0700000e+03 9.7278760e-01
5.0700000e+03 5.0800000e+03 9.8414154e-01
5.0800000e+03 5.0900000e+03 9.8829356e-01
5.0900000e+03 5.1000000e+03 9.8284013e-01
5.1000000e+03 5.1100000e+03 9.6927327e-01
5.1100000e+03 5.1200000e+03 9.4972278e-01
5.1200000e+03 5.1300000e+03 9.8273152e-01
5.1300000e+03 5.1400000e+03 9.7937986e-01
5.1400000e+03 5.1500000e+03 9.8456795e-01
5.1500000e+03 5.1600000e+03 9.7913860e-01
5.1600000e+03 5.1700000e+03 9.8903015e-01
5.1700000e+03 5.1800000e+03 9.8366443e-01
5.1800000e+03 5.1900000e+03 9.8248751e-01
5.1900000e+03 5.2000000e+03 9.8657471e-01
5.2000000e+03 5.2100000e+03 9.8523211e-01
5.2100000e+03 5.2200000e+03 9.7101213e-01
5.2200000e+03 5.2300000e+03 9.8100995e-01
5.2300000e+03 5.2400000e+03 9.6774754e-01
5.2400000e+03 5.2500000e+03 9.6889966e-01
5.2500000e+03 5.2600000e+03 9.8859938e-01
5.2600000e+03 5.2700000e+03 9.9066370e-01
5.2700000e+03 5.2800000e+03 9.7899064e-01
5.2800000e+03 5.2900000e+03 9.6631319e-01
5.2900000e+03 5.3000000e+03 9.7825820e-01
5.3000000e+03 5.3100000e+03 9.5890941e-01
5.3100000e+03 5.3200000e+03 9.7808272e-01
5.3200000e+03 5.3300000e+03 9.8467535e-01
5.3300000e+03 5.3400000e+03 9.8127060e-01
5.3400000e+03 5.3500000e+03 9.7220689e-01
5.3500000e+03 5.3600000e+03 9.7819205e-01
5.3600000e+03 5.3700000e+03 9.6766519e-01
5.3700000e+03 5.3800000e+03 9.5436899e-01
5.3800000e+03 5.3900000e+03 9.6083114e-01
5.3900000e+03 5.4000000e+03 9.6460292e-01
5.4000000e+03 5.4100000e+03 9.8208203e-01
5.4100000e+03 5.4200000e+03 9.6522826e-01
5.4200000e+03 5.4300000e+03 9.6746794e-01
5.4300000e+03 5.4400000e+03 9.5485477e-01
5.4400000e+03 5.4500000e+03 9.5015758e-01
5.4500000e+03 5.4600000e+03 9.4420537e-01
5.4600000e+03 5.4700000e+03 9.6528920e-01
5.4700000e+03 5.4800000e+03 9.6476281e-01
5.4800000e+03 5.4900000e+03 9.8102908e-01
5.4900000e+03 5.5000000e+03 9.5737496e-01
5.5000000e+03 5.5100000e+03 9.5667547e-01
5.5100000e+03 5.5200000e+03 9.8158597e-01
5.5200000e+03 5.5300000e+03 9.7033461e-01
5.5300000e+03 5.5400000e+03 9.8211325e-01
5.5400000e+03 5.5500000e+03 9.8265946e-01
5.5500000e+03 5.5600000e+03 9.8295769e-01
5.5600000e+03 5.5700000e+03 9.7938600e-01
5.5700000e+03 5.5800000e+03 9.5954863e-01
5.5800000e+03 5.5900000e+03 9.6996385e-01
5.5900000e+03 5.6000000e+03 9.7961012e-01
5.6000000e+03 5.6100000e+03 9.6077416e-01
5.6100000e+03 5.6200000e+03 9.5851066e-01
5.6200000e+03 5.6300000e+03 9.6376728e-01
5.6300000e+03 5.6400000e+03 9.7964006e-01
5.6400000e+03 5.6500000e+03 9.7936495e-01
5.6500000e+03 5.6600000e+03 9.8323268e-01
5.6600000e+03 5.6700000e+03 9.8396632e-01
5.6700000e+03 5.6800000e+03 9.7672458e-01
5.6800000e+03 5.6900000e+03 9.7952094e-01
5.6900000e+03 5.7000000e+03 9.9065437e-01
5.7000000e+03 5.7100000e+03 9.8313219e-01
5.7100000e+03 5.7200000e+03 9.8036518e-01
5.7200000e+03 5.7300000e+03 9.9275168e-01
5.7300000e+03 5.7400000e+03 9.9401912e-01
5.7400000e+03 5.7500000e+03 9.8920772e-01
5.7500000e+03 5.7600000e+03 9.7989207e-01
5.7600000e+03 5.7700000e+03 9.6797541e-01
5.7700000e+03 5.7800000e+03 9.9048799e-01
5.7800000e+03 5.7900000e+03 9.8787870e-01
5.7900000e+03 5.8000000e+03 9.7713056e-01
5.8000000e+03 5.8100000e+03 9.9256037e-01
5.8100000e+03 5.8200000e+03 9.8529188e-01
5.8200000e+03 5.8300000e+03 9.9797860e-01
5.8300000e+03 5.8400000e+03 9.9451503e-01
5.8400000e+03 5.8500000e+03 9.9229887e-01
5.8500000e+03 5.8600000e+03 9.6715932e-01
5.8600000e+03 5.8700000e+03 9.6143595e-01
5.8700000e+03 5.8800000e+03 9.9893050e-01
5.8800000e+03 5.8900000e+03 9.5442118e-01
5.8900000e+03 5.9000000e+03 9.7577507e-01
5.9000000e+03 5.9100000e+03 9.8838691e-01
5.9100000e+03 5.9200000e+03 9.6301702e-01
5.9200000e+03 5.9300000e+03 9.8759333e-01
5.9300000e+03 5.9400000e+03 9.6325824e-01
5.9400000e+03 5.9500000e+03 9.8683736e-01
5.9500000e+03 5.9600000e+03 9.8549860e-01
5.9600000e+03 5.9700000e+03 9.9662619e-01
5.9700000e+03 5.9800000e+03 9.6047272e-01
5.9800000e+03 5.9900000e+03 9.7411207e-01
5.9900000e+03 6.0000000e+03 9.9133060e-01
6.0000000e+03 6.0100000e+03 9.7350263e-01
6.0100000e+03 6.0200000e+03 9.7657395e-01
6.0200000e+03 6.0300000e+03 9.7308987e-01
6.0300000e+03 6.0400000e+03 9.9909833e-01
6.0400000e+03 6.0500000e+03 9.9974162e-01
6.0500000e+03 6.0600000e+03 9.8206318e-01
6.0600000e+03 6.0700000e+03 9.4097972e-01
6.0700000e+03 6.0800000e+03 9.8047277e-01
6.0800000e+03 6.0900000e+03 9.9537012e-01
6.0900000e+03 6.1000000e+03 9.9614129e-01
6.1000000e+03 6.1100000e+03 9.6520109e-01
6.1100000e+03 6.1200000e+03 9.9201040e-01
6.1200000e+03 6.1300000e+03 9.5958778e-01
6.1300000e+03 6.1400000e+03 9.6379018e-01
6.1400000e+03 6.1500000e+03 9.6810703e-01
6.1500000e+03 6.1600000e+03 9.7991017e-01
6.1600000e+03 6.1700000e+03 9.8391470e-01
6.1700000e+03 6.1800000e+03 9.8053832e-01
6.1800000e+03 6.1900000e+03 9.8861801e-01
6.1900000e+03 6.2000000e+03 9.4976704e-01
6.2000000e+03 6.2100000e+03 9.7637167e-01
6.2100000e+03 6.2200000e+03 9.6870373e-01
6.2200000e+03 6.2300000e+03 9.9457063e-01
6.2300000e+03 6.2400000e+03 9.6603816e-01
6.2400000e+03 6.2500000e+03 9.8382282e-01
6.2500000e+03 6.2600000e+03 9.7578672e-01
6.2600000e+03 6.2700000e+03 9.5674457e-01
6.2700000e+03 6.2800000e+03 9.7508569e-01
6.2800000e+03 6.2900000e+03 9.8583896e-01
6.2900000e+03 6.3000000e+03 9.7872684e-01
6.3000000e+03 6.3100000e+03 9.7034960e-01
6.3100000e+03 6.3200000e+03 9.8051161e-01
6.3200000e+03 6.3300000e+03 9.7262263e-01
6.3300000e+03 6.3400000e+03 9.6247925e-01
6.3400000e+03 6.3500000e+03 9.9193104e-01
6.3500000e+03 6.3600000e+03 9.7705952e-01
6.3600000e+03 6.3700000e+03 9.9774649e-01
6.3700000e+03 6.3800000e+03 9.9618959e-01
6.3800000e+03 6.3900000e+03 9.8925429e-01
6.3900000e+03 6.4000000e+03 9.4672124e-01
6.4000000e+03 6.4100000e+03 9.5572060e-01
6.4100000e+03 6.4200000e+03 9.6752457e-01
6.4200000e+03 6.4300000e+03 9.4552303e-01
6.4300000e+03 6.4400000e+03 9.5569411e-01
6.4400000e+03 6.4500000e+03 9.5442170e-01
6.4500000e+03 6.4600000e+03 9.8411017e-01
6.4600000e+03 6.4700000e+03 9.5882902e-01
6.4700000e+03 6.4800000e+03 9.5769726e-01
6.4800000e+03 6.4900000e+03 9.8158466e-01
6.4900000e+03 6.5000000e+03 9.8099139e-01
6.5000000e+03 6.5100000e+03 9.7826341e-01
6.5100000e+03 6.5200000e+03 9.9082154e-01
6.5200000e+03 6.5300000e+03 9.9860704e-01
6.5300000e+03 6.5400000e+03 9.9709199e-01
6.5400000e+03 6.5500000e+03 9.5068415e-01
6.5500000e+03 6.5600000e+03 1.0000097e+00
6.5600000e+03 6.5700000e+03 9.7954203e-01
6.5700000e+03 6.5800000e+03 9.8733896e-01
6.5800000e+03 6.5900000e+03 9.9368136e-01
6.5900000e+03 6.6000000e+03 9.6093239e-01
6.6000000e+03 6.6100000e+03 9.7624708e-01
6.6100000e+03 6.6200000e+03 9.9978405e-01
6.6200000e+03 6.6300000e+03 9.9874241e-01
6.6300000e+03 6.6400000e+03 9.9010642e-01
6.6400000e+03 6.6500000e+03 9.7256517e-01
6.6500000e+03 6.6600000e+03 9.9914777e-01
6.6600000e+03 6.6700000e+03 9.8033742e-01
6.6700000e+03 6.6800000e+03 9.4190317e-01
6.6800000e+03 6.6900000e+03 9.9863140e-01
6.6900000e+03 6.7000000e+03 9.9503448e-01
6.7000000e+03 6.7100000e+03 9.9638863e-01
6.7100000e+03 6.7200000e+03 9.7560560e-01
6.7200000e+03 6.7300000e+03 9.9037539e-01
6.7300000e+03 6.7400000e+03 9.9651438e-01
6.7400000e+03 6.7500000e+03 9.9891871e-01
6.7500000e+03 6.7600000e+03 9.7685597e-01
6.7600000e+03 6.7700000e+03 9.7158698e-01
6.7700000e+03 6.7800000e+03 9.9139247e-01
6.7800000e+03 6.7900000e+03 9.9656245e-01
6.7900000e+03 6.8000000e+03 9.9493822e-01
6.8000000e+03 6.8100000e+03 9.7195574e-01
6.8100000e+03 6.8200000e+03 9.9475410e-01
6.8200000e+03 6.8300000e+03 9.9165883e-01
6.8300000e+03 6.8400000e+03 9.9773231e-01
6.8400000e+03 6.8500000e+03 9.8640427e-01
6.8500000e+03 6.8600000e+03 9.8288736e-01
6.8600000e+03 6.8700000e+03 9.6892669e-01
6.8700000e+03 6.8800000e+03 9.9918493e-01
6.8800000e+03 6.8900000e+03 9.9510235e-01
6.8900000e+03 6.9000000e+03 9.9865010e-01
6.9000000e+03 6.9100000e+03 9.9944894e-01
6.9100000e+03 6.9200000e+03 9.8446114e-01
6.9200000e+03 6.9300000e+03 9.9121158e-01
6.9300000e+03 6.9400000e+03 9.9710894e-01
6.9400000e+03 6.9500000e+03 9.6484762e-01
6.9500000e+03 6.9600000e+03 9.9739048e-01
6.9600000e+03 6.9700000e+03 9.9849885e-01
6.9700000e+03 6.9800000e+03 9.8904318e-01
6.9800000e+03 6.9900000e+03 9.9826303e-01
6.9900000e+03 7.0000000e+03 9.9371438e-01
7.0000000e+03 7.0100000e+03 9.9994500e-01
7.0100000e+03 7.0200000e+03 9.9067039e-01
7.0200000e+03 7.0300000e+03 9.9176880e-01
7.0300000e+03 7.0400000e+03 9.9058177e-01
7.0400000e+03 7.0500000e+03 9.9816464e-01
7.0500000e+03 7.0600000e+03 9.9893070e-01
7.0600000e+03 7.0700000e+03 9.9156523e-01
7.0700000e+03 7.0800000e+03 9.9773804e-01
7.0800000e+03 7.0900000e+03 9.9657635e-01
7.0900000e+03 7.1000000e+03 9.8909604e-01
7.1000000e+03 7.1100000e+03 9.9894104e-01
7.1100000e+03 7.1200000e+03 9.9744418e-01
7.1200000e+03 7.1300000e+03 9.6259699e-01
7.1300000e+03 7.1400000e+03 9.7766430e-01
7.1400000e+03 7.1500000e+03 9.5681503e-01
7.1500000e+03 7.1600000e+03 9.8872073e-01
7.1600000e+03 7.1700000e+03 9.7251446e-01
7.1700000e+03 7.1800000e+03 9.9301804e-01
7.1800000e+03 7.1900000e+03 9.7337221e-01
7.1900000e+03 7.2000000e+03 9.9438125e-01
7.2000000e+03 7.2100000e+03 9.7224534e-01
7.2100000e+03 7.2200000e+03 9.9604609e-01
7.2200000e+03 7.2300000e+03 9.7966099e-01
7.2300000e+03 7.2400000e+03 9.9489891e-01
7.2400000e+03 7.2500000e+03 9.9204099e-01
7.2500000e+03 7.2600000e+03 9.9269935e-01
7.2600000e+03 7.2700000e+03 9.8854238e-01
7.2700000e+03 7.2800000e+03 9.9169159e-01
7.2800000e+03 7.2900000e+03 9.8194581e-01
7.2900000e+03 7.3000000e+03 9.8873908e-01
7.3000000e+03 7.3100000e+03 9.8281976e-01
7.3100000e+03 7.3200000e+03 9.8915242e-01
7.3200000e+03 7.3300000e+03 9.6265445e-01
7.3300000e+03 7.3400000e+03 9.9676012e-01
7.3400000e+03 7.3500000e+03 9.9924231e-01
7.3500000e+03 7.3600000e+03 9.8365284e-01
7.3600000e+03 7.3700000e+03 9.9651833e-01
7.3700000e+03 7.3800000e+03 9.9754784e-01
7.3800000e+03 7.3900000e+03 9.8490452e-01
7.3900000e+03 7.4000000e+03 9.8668765e-01
7.4000000e+03 7.4100000e+03 9.8440297e-01
7.4100000e+03 7.4200000e+03 9.8078010e-01
7.4200000e+03 7.4300000e+03 9.7445488e-01
7.4300000e+03 7.4400000e+03 9.9855195e-01
7.4400000e+03 7.4500000e+03 9.7133284e-01
7.4500000e+03 7.4600000e+03 9.9875144e-01
7.4600000e+03 7.4700000e+03 9.7153397e-01
7.4700000e+03 7.4800000e+03 9.9823562e-01
7.4800000e+03 7.4900000e+03 9.9897639e-01
7.4900000e+03 7.5000000e+03 9.6208623e-01
7.5000000e+03 7.5100000e+03 9.9895250e-01
7.5100000e+03 7.5200000e+03 9.5128993e-01
7.5200000e+03 7.5300000e+03 9.7336036e-01
7.5300000e+03 7.5400000e+03 9.9430334e-01
7.5400000e+03 7.5500000e+03 9.9970748e-01
7.5500000e+03 7.5600000e+03 9.6861812e-01
7.5600000e+03 7.5700000e+03 9.8481258e-01
7.5700000e+03 7.5800000e+03 9.8243924e-01
7.5800000e+03 7.5900000e+03 9.6984712e-01
7.5900000e+03 7.6000000e+03 9.9961764e-01
7.6000000e+03 7.6100000e+03 9.9887174e-01
7.6100000e+03 7.6200000e+03 9.6651040e-01
7.6200000e+03 7.6300000e+03 9.8886047e-01
7.6300000e+03 7.6400000e+03 9.9972857e-01
7.6400000e+03 7.6500000e+03 9.9951854e-01
7.6500000e+03 7.6600000e+03 9.8460778e-01
7.6600000e+03 7.6700000e+03 9.7044141e-01
7.6700000e+03 7.6800000e+03 9.9962120e-01
7.6800000e+03 7.6900000e+03 9.9112104e-01
7.6900000e+03 7.7000000e+03 9.8497746e-01
7.7000000e+03 7.7100000e+03 9.9984761e-01
7.7100000e+03 7.7200000e+03 9.7836153e-01
7.7200000e+03 7.7300000e+03 9.7997221e-01
7.7300000e+03 7.7400000e+03 9.9953300e-01
7.7400000e+03 7.7500000e+03 9.7781213e-01
7.7500000e+03 7.7600000e+03 9.9638071e-01
7.7600000e+03 7.7700000e+03 9.9980449e-01
7.7700000e+03 7.7800000e+03 9.9469560e-01
7.7800000e+03 7.7900000e+03 9.8301188e-01
7.7900000e+03 7.8000000e+03 9.7718562e-01
7.8000000e+03 7.8100000e+03 9.9458499e-01
7.8100000e+03 7.8200000e+03 9.9663801e-01
7.8200000e+03 7.8300000e+03 9.8835872e-01
7.8300000e+03 7.8400000e+03 9.6509760e-01
7.8400000e+03 7.8500000e+03 9.9822432e-01
7.8500000e+03 7.8600000e+03 9.6305196e-01
7.8600000e+03 7.8700000e+03 9.9880000e-01
7.8700000e+03 7.8800000e+03 9.9927872e-01
7.8800000e+03 7.8900000e+03 9.9915974e-01
7.8900000e+03 7.9000000e+03 9.9920141e-01
7.9000000e+03 7.9100000e+03 9.9838457e-01
7.9100000e+03 7.9200000e+03 9.9113630e-01
7.9200000e+03 7.9300000e+03 9.9968275e-01
7.9300000e+03 7.9400000e+03 9.7095456e-01
7.9400000e+03 7.9500000e+03 9.6814999e-01
7.9500000e+03 7.9600000e+03 9.9769889e-01
7.9600000e+03 7.9700000e+03 9.9964994e-01
7.9700000e+03 7.9800000e+03 9.9840490e-01
7.9800000e+03 7.9900000e+03 9.9966838e-01
7.9900000e+03 8.0000000e+03 9.5599043e-01
8.0000000e+03 8.0100000e+03 9.9887712e-01
8.0100000e+03 8.0200000e+03 9.9939049e-01
8.0200000e+03 8.0300000e+03 9.8647448e-01
8.0300000e+03 8.0400000e+03 9.9720626e-01
8.0400000e+03 8.0500000e+03 9.6854213e-01
8.0500000e+03 8.0600000e+03 9.9782725e-01
8.0600000e+03 8.0700000e+03 9.9973390e-01
8.0700000e+03 8.0800000e+03 9.9818270e-01
8.0800000e+03 8.0900000e+03 9.6667849e-01
8.0900000e+03 8.1000000e+03 9.8903620e-01
8.1000000e+03 8.1100000e+03 9.9957503e-01
8.1100000e+03 8.1200000e+03 9.9941590e-01
8.1200000e+03 8.1300000e+03 9.9965869e-01
8.1300000e+03 8.1400000e+03 9.9991735e-01
8.1400000e+03 8.1500000e+03 9.9962166e-01
8.1500000e+03 8.1600000e+03 9.9949957e-01
8.1600000e+03 8.1700000e+03 9.9532524e-01
8.1700000e+03 8.1800000e+03 9.9773841e-01
8.1800000e+03 8.1900000e+03 9.9449638e-01
8.1900000e+03 8.2000000e+03 9.7780678e-01
8.2000000e+03 8.2100000e+03 9.8890285e-01
8.2100000e+03 8.2200000e+03 9.7871296e-01
8.2200000e+03 8.2300000e+03 9.5392531e-01
8.2300000e+03 8.2400000e+03 9.8209541e-01
8.2400000e+03 8.2500000e+03 9.8651458e-01
8.2500000e+03 8.2600000e+03 9.9809428e-01
8.2600000e+03 8.2700000e+03 9.9860631e-01
8.2700000e+03 8.2800000e+03 9.9916718e-01
8.2800000e+03 8.2900000e+03 9.9985780e-01
8.2900000e+03 8.3000000e+03 9.9065562e-01
8.3000000e+03 8.3100000e+03 9.8968316e-01
8.3100000e+03 8.3200000e+03 9.9276230e-01
8.3200000e+03 8.3300000e+03 9.4813313e-01
8.3300000e+03 8.3400000e+03 9.8673187e-01
8.3400000e+03 8.3500000e+03 9.8836848e-01
8.3500000e+03 8.3600000e+03 9.9874796e-01
8.3600000e+03 8.3700000e+03 9.8603002e-01
8.3700000e+03 8.3800000e+03 9.9810370e-01
8.3800000e+03 8.3900000e+03 9.5593438e-01
8.3900000e+03 8.4000000e+03 9.9820498e-01
8.4000000e+03 8.4100000e+03 9.9726307e-01
8.4100000e+03 8.4200000e+03 9.8885269e-01
8.4200000e+03 8.4300000e+03 9.9220857e-01
8.4300000e+03 8.4400000e+03 9.8346327e-01
8.4400000e+03 8.4500000e+03 9.9617115e-01
8.4500000e+03 8.4600000e+03 9.9851075e-01
8.4600000e+03 8.4700000e+03 9.5482015e-01
8.4700000e+03 8.4800000e+03 9.9445454e-01
8.4800000e+03 8.4900000e+03 9.9558516e-01
8.4900000e+03 8.5000000e+03 9.7725231e-01
8.5000000e+03 8.5100000e+03 9.9556106e-01
8.5100000e+03 8.5200000e+03 9.6362918e-01
8.5200000e+03 8.5300000e+03 9.8388923e-01
8.5300000e+03 8.5400000e+03 9.9750780e-01
8.5400000e+03 8.5500000e+03 9.9025301e-01
8.5500000e+03 8.5600000e+03 9.8604069e-01
8.5600000e+03 8.5700000e+03 9.9986965e-01
8.5700000e+03 8.5800000e+03 9.9935528e-01
8.5800000e+03 8.5900000e+03 9.7821465e-01
8.5900000e+03 8.6000000e+03 9.9575639e-01
8.6000000e+03 8.6100000e+03 9.9885350e-01
8.6100000e+03 8.6200000e+03 9.6869137e-01
8.6200000e+03 8.6300000e+03 9.7003234e-01
8.6300000e+03 8.6400000e+03 9.9820686e-01
8.6400000e+03 8.6500000e+03 9.8822837e-01
8.6500000e+03 8.6600000e+03 9.9941468e-01
8.6600000e+03 8.6700000e+03 9.8741703e-01
8.6700000e+03 8.6800000e+03 9.6108028e-01
8.6800000e+03 8.6900000e+03 9.6389632e-01
8.6900000e+03 8.7000000e+03 9.8586011e-01
8.7000000e+03 8.7100000e+03 9.9940117e-01
8.7100000e+03 8.7200000e+03 9.9309244e-01
8.7200000e+03 8.7300000e+03 9.9384628e-01
8.7300000e+03 8.7400000e+03 9.7830858e-01
8.7400000e+03 8.7500000e+03 9.9187494e-01
8.7500000e+03 8.7600000e+03 9.6574655e-01
8.7600000e+03 8.7700000e+03 9.9927110e-01
8.7700000e+03 8.7800000e+03 9.8580964e-01
8.7800000e+03 8.7900000e+03 9.9906831e-01
8.7900000e+03 8.8000000e+03 9.7725027e-01
8.8000000e+03 8.8100000e+03 9.7380696e-01
8.8100000e+03 8.8200000e+03 9.9682054e-01
8.8200000e+03 8.8300000e+03 9.5057318e-01
8.8300000e+03 8.8400000e+03 9.6234154e-01
8.8400000e+03 8.8500000e+03 9.9418083e-01
8.8500000e+03 8.8600000e+03 9.9995999e-01
8.8600000e+03 8.8700000e+03 9.7401860e-01
8.8700000e+03 8.8800000e+03 9.9744225e-01
8.8800000e+03 8.8900000e+03 9.9958728e-01
8.8900000e+03 8.9000000e+03 9.9496863e-01
8.9000000e+03 8.9100000e+03 9.9945514e-01
8.9100000e+03 8.9200000e+03 9.8818314e-01
8.9200000e+03 8.9300000e+03 9.9151499e-01
8.9300000e+03 8.9400000e+03 9.9921875e-01
8.9400000e+03 8.9500000e+03 9.8489907e-01
8.9500000e+03 8.9600000e+03 9.9907757e-01
8.9600000e+03 8.9700000e+03 9.9637904e-01
8.9700000e+03 8.9800000e+03 9.9060713e-01
8.9800000e+03 8.9900000e+03 9.9757087e-01
8.9900000e+03 9.0000000e+03 9.5619401e-01
9.0000000e+03 9.0100000e+03 9.8458505e-01
9.0100000e+03 9.0200000e+03 9.8239656e-01
9.0200000e+03 9.0300000e+03 9.9123145e-01
9.0300000e+03 9.0400000e+03 9.9808065e-01
9.0400000e+03 9.0500000e+03 9.9980507e-01
9.0500000e+03 9.0600000e+03 9.9856227e-01
9.0600000e+03 9.0700000e+03 9.9066087e-01
9.0700000e+03 9.0800000e+03 9.9076105e-01
9.0800000e+03 9.0900000e+03 9.7489588e-01
9.0900000e+03 9.1000000e+03 9.8262455e-01
9.1000000e+03 9.1100000e+03 9.9806330e-01
9.1100000e+03 9.1200000e+03 9.8427205e-01
9.1200000e+03 9.1300000e+03 9.9978410e-01
9.1300000e+03 9.1400000e+03 9.9970407e-01
9.1400000e+03 9.1500000e+03 9.9547323e-01
9.1500000e+03 9.1600000e+03 9.9983586e-01
9.1600000e+03 9.1700000e+03 9.9656417e-01
9.1700000e+03 9.1800000e+03 9.9600313e-01
9.1800000e+03 9.1900000e+03 9.9973356e-01
9.1900000e+03 9.2000000e+03 9.9625091e-01
9.2000000e+03 9.2100000e+03 9.9596847e-01
9.2100000e+03 9.2200000e+03 0.0000000e+00
9.2200000e+03 9.2300000e+03 0.0000000e+00
9.2300000e+03 9.2400000e+03 0.0000000e+00
9.2400000e+03 9.2500000e+03 0.0000000e+00
9.2500000e+03 9.2600000e+03 0.0000000e+00
9.2600000e+03 9.2700000e+03 0.0000000e+00
9.2700000e+03 9.2800000e+03 0.0000000e+00
9.2800000e+03 9.2900000e+03 0.0000000e+00
9.2900000e+03 9.3000000e+03 0.0000000e+00
9.3000000e+03 9.3100000e+03 0.0000000e+00
9.3100000e+03 9.3200000e+03 0.0000000e+00
9.3200000e+03 9.3300000e+03 0.0000000e+00
9.3300000e+03 9.3400000e+03 0.0000000e+00
9.3400000e+03 9.3500000e+03 0.0000000e+00
9.3500000e+03 9.3600000e+03 0.0000000e+00
9.3600000e+03 9.3700000e+03 0.0000000e+00
9.3700000e+03 9.3800000e+03 0.0000000e+00
9.3800000e+03 9.3900000e+03 0.0000000e+00
9.3900000e+03 9.4000000e+03 0.0000000e+00
