8.5000000e+02 8.6000000e+02 0.0000000e+00
8.6000000e+02 8.7000000e+02 0.0000000e+00
8.7000000e+02 8.8000000e+02 0.0000000e+00
8.8000000e+02 8.9000000e+02 0.0000000e+00
8.9000000e+02 9.0000000e+02 0.0000000e+00
9.0000000e+02 9.1000000e+02 8.6461593e-01
9.1000000e+02 9.2000000e+02 1.0057875e+00
9.2000000e+02 9.3000000e+02 9.9935999e-01
9.3000000e+02 9.4000000e+02 1.0021389e+00
9.4000000e+02 9.5000000e+02 9.7036740e-01
9.5000000e+02 9.6000000e+02 9.1742052e-01
9.6000000e+02 9.7000000e+02 8.7753279e-01
9.7000000e+02 9.8000000e+02 9.9559019e-01
9.8000000e+02 9.9000000e+02 8.9422211e-01
9.9000000e+02 1.0000000e+03 9.1562527e-01
1.0000000e+03 1.0100000e+03 9.1888989e-01
1.0100000e+03 1.0200000e+03 9.7529346e-01
1.0200000e+03 1.0300000e+03 9.9517504e-01
1.0300000e+03 1.0400000e+03 8.5502326e-01
1.0400000e+03 1.0500000e+03 8.8856316e-01
1.0500000e+03 1.0600000e+03 9.6231070e-01
1.0600000e+03 1.0700000e+03 9.0883808e-01
1.0700000e+03 1.0800000e+03 9.2180738e-01
1.0800000e+03 1.0900000e+03 8.7512944e-01
1.0900000e+03 1.1000000e+03 9.2824370e-01
1.1000000e+03 1.1100000e+03 1.0238667e+00
1.1100000e+03 1.1200000e+03 9.6478351e-01
1.1200000e+03 1.1300000e+03 9.5256079e-01
1.1300000e+03 1.1400000e+03 9.3694810e-01
1.1400000e+03 1.1500000e+03 8.8276857e-01
1.1500000e+03 1.1600000e+03 9.8960756e-01
1.1600000e+03 1.1700000e+03 9.3398334e-01
1.1700000e+03 1.1800000e+03 9.3403008e-01
1.1800000e+03 1.1900000e+03 9.2300077e-01
1.1900000e+03 1.2000000e+03 9.5609299e-01
1.2000000e+03 1.2100000e+03 8.7146870e-01
1.2100000e+03 1.2200000e+03 9.9915909e-01
1.2200000e+03 1.2300000e+03 9.3924231e-01
1.2300000e+03 1.2400000e+03 9.3688076e-01
1.2400000e+03 1.2500000e+03 9.7598449e-01
1.2500000e+03 1.2600000e+03 9.6048654e-01
1.2600000e+03 1.2700000e+03 9.2297658e-01
1.2700000e+03 1.2800000e+03 9.5163495e-01
1.2800000e+03 1.2900000e+03 9.7903690e-01
1.2900000e+03 1.3000000e+03 9.4639140e-01
1.3000000e+03 1.3100000e+03 9.7727992e-01
1.3100000e+03 1.3200000e+03 9.5056717e-01
1.3200000e+03 1.3300000e+03 9.5305054e-01
1.3300000e+03 1.3400000e+03 9.5371931e-01
1.3400000e+03 1.3500000e+03 1.0408462e+00
1.3500000e+03 1.3600000e+03 9.6554150e-01
1.3600000e+03 1.3700000e+03 9.6039128e-01
1.3700000e+03 1.3800000e+03 9.6457886e-01
1.3800000e+03 1.3900000e+03 9.5458911e-01
1.3900000e+03 1.4000000e+03 9.3259128e-01
1.4000000e+03 1.4100000e+03 9.6491211e-01
1.4100000e+03 1.4200000e+03 9.6084861e-01
1.4200000e+03 1.4300000e+03 9.5916351e-01
1.4300000e+03 1.4400000e+03 9.6532700e-01
1.4400000e+03 1.4500000e+03 9.7187414e-01
1.4500000e+03 1.4600000e+03 9.5266020e-01
1.4600000e+03 1.4700000e+03 9.6735720e-01
1.4700000e+03 1.4800000e+03 9.6070786e-01
1.4800000e+03 1.4900000e+03 9.5587162e-01
1.4900000e+03 1.5000000e+03 9.4367880e-01
1.5000000e+03 1.5100000e+03 9.4025174e-01
1.5100000e+03 1.5200000e+03 9.7130547e-01
1.5200000e+03 1.5300000e+03 1.1082614e+00
1.5300000e+03 1.5400000e+03 9.0926706e-01
1.5400000e+03 1.5500000e+03 9.1000432e-01
1.5500000e+03 1.5600000e+03 9.4210616e-01
1.5600000e+03 1.5700000e+03 9.0985081e-01
1.5700000e+03 1.5800000e+03 9.6712106e-01
1.5800000e+03 1.5900000e+03 9.6783864e-01
1.5900000e+03 1.6000000e+03 9.6318264e-01
1.6000000e+03 1.6100000e+03 9.7251991e-01
1.6100000e+03 1.6200000e+03 9.7096818e-01
1.6200000e+03 1.6300000e+03 9.1922468e-01
1.6300000e+03 1.6400000e+03 9.5374390e-01
1.6400000e+03 1.6500000e+03 9.6663821e-01
1.6500000e+03 1.6600000e+03 9.6923067e-01
1.6600000e+03 1.6700000e+03 9.7530269e-01
1.6700000e+03 1.6800000e+03 9.6035183e-01
1.6800000e+03 1.6900000e+03 1.1338730e+00
1.6900000e+03 1.7000000e+03 9.6367140e-01
1.7000000e+03 1.7100000e+03 8.8021546e-01
1.7100000e+03 1.7200000e+03 1.0032835e+00
1.7200000e+03 1.7300000e+03 9.7605436e-01
1.7300000e+03 1.7400000e+03 9.7980550e-01
1.7400000e+03 1.7500000e+03 9.6903551e-01
1.7500000e+03 1.7600000e+03 9.7058466e-01
1.7600000e+03 1.7700000e+03 9.6044411e-01
1.7700000e+03 1.7800000e+03 9.1862486e-01
1.7800000e+03 1.7900000e+03 9.8623777e-01
1.7900000e+03 1.8000000e+03 9.5721852e-01
1.8000000e+03 1.8100000e+03 9.7909780e-01
1.8100000e+03 1.8200000e+03 9.7895374e-01
1.8200000e+03 1.8300000e+03 9.7426269e-01
1.8300000e+03 1.8400000e+03 9.7866564e-01
1.8400000e+03 1.8500000e+03 9.5880970e-01
1.8500000e+03 1.8600000e+03 9.7001318e-01
1.8600000e+03 1.8700000e+03 1.0200207e+00
1.8700000e+03 1.8800000e+03 9.8195306e-01
1.8800000e+03 1.8900000e+03 9.4593090e-01
1.8900000e+03 1.9000000e+03 9.8441198e-01
1.9000000e+03 1.9100000e+03 9.8508540e-01
1.9100000e+03 1.9200000e+03 9.7747096e-01
1.9200000e+03 1.9300000e+03 9.8148187e-01
1.9300000e+03 1.9400000e+03 9.6934833e-01
1.9400000e+03 1.9500000e+03 9.7670403e-01
1.9500000e+03 1.9600000e+03 9.8396811e-01
1.9600000e+03 1.9700000e+03 9.8351990e-01
1.9700000e+03 1.9800000e+03 9.8302649e-01
1.9800000e+03 1.9900000e+03 9.8305403e-01
1.9900000e+03 2.0000000e+03 9.7909351e-01
2.0000000e+03 2.0100000e+03 9.8164808e-01
2.0100000e+03 2.0200000e+03 9.8633542e-01
2.0200000e+03 2.0300000e+03 9.6822137e-01
2.0300000e+03 2.0400000e+03 9.8485945e-01
2.0400000e+03 2.0500000e+03 9.8230377e-01
2.0500000e+03 2.0600000e+03 9.8929595e-01
2.0600000e+03 2.0700000e+03 9.8219698e-01
2.0700000e+03 2.0800000e+03 9.9091213e-01
2.0800000e+03 2.0900000e+03 9.9922724e-01
2.0900000e+03 2.1000000e+03 9.5543645e-01
2.1000000e+03 2.1100000e+03 9.9676726e-01
2.1100000e+03 2.1200000e+03 9.8302007e-01
2.1200000e+03 2.1300000e+03 9.8075845e-01
2.1300000e+03 2.1400000e+03 1.0048469e+00
2.1400000e+03 2.1500000e+03 1.0075135e+00
2.1500000e+03 2.1600000e+03 1.0179143e+00
2.1600000e+03 2.1700000e+03 9.8724870e-01
2.1700000e+03 2.1800000e+03 9.9924876e-01
2.1800000e+03 2.1900000e+03 1.0023902e+00
2.1900000e+03 2.2000000e+03 9.6726069e-01
2.2000000e+03 2.2100000e+03 9.9935343e-01
2.2100000e+03 2.2200000e+03 9.9077702e-01
2.2200000e+03 2.2300000e+03 1.0185396e+00
2.2300000e+03 2.2400000e+03 1.0252026e+00
2.2400000e+03 2.2500000e+03 9.9724862e-01
2.2500000e+03 2.2600000e+03 9.7860885e-01
2.2600000e+03 2.2700000e+03 9.9054614e-01
2.2700000e+03 2.2800000e+03 9.7838466e-01
2.2800000e+03 2.2900000e+03 9.9487384e-01
2.2900000e+03 2.3000000e+03 9.9597726e-01
2.3000000e+03 2.3100000e+03 9.9604791e-01
2.3100000e+03 2.3200000e+03 9.9247152e-01
2.3200000e+03 2.3300000e+03 9.9346089e-01
2.3300000e+03 2.3400000e+03 9.9061986e-01
2.3400000e+03 2.3500000e+03 9.7432421e-01
2.3500000e+03 2.3600000e+03 9.9888787e-01
2.3600000e+03 2.3700000e+03 9.7372743e-01
2.3700000e+03 2.3800000e+03 9.8341305e-01
2.3800000e+03 2.3900000e+03 9.4881144e-01
2.3900000e+03 2.4000000e+03 9.4838719e-01
2.4000000e+03 2.4100000e+03 9.8478194e-01
2.4100000e+03 2.4200000e+03 9.6849718e-01
2.4200000e+03 2.4300000e+03 1.0037985e+00
2.4300000e+03 2.4400000e+03 1.0011727e+00
2.4400000e+03 2.4500000e+03 1.0030980e+00
2.4500000e+03 2.4600000e+03 1.0009057e+00
2.4600000e+03 2.4700000e+03 1.0023808e+00
2.4700000e+03 2.4800000e+03 9.8468846e-01
2.4800000e+03 2.4900000e+03 9.7143538e-01
2.4900000e+03 2.5000000e+03 9.7636392e-01
2.5000000e+03 2.5100000e+03 9.9859142e-01
2.5100000e+03 2.5200000e+03 9.9979764e-01
2.5200000e+03 2.5300000e+03 9.9689216e-01
2.5300000e+03 2.5400000e+03 9.7711875e-01
2.5400000e+03 2.5500000e+03 9.6294226e-01
2.5500000e+03 2.5600000e+03 9.6755795e-01
2.5600000e+03 2.5700000e+03 9.5063488e-01
2.5700000e+03 2.5800000e+03 9.8069452e-01
2.5800000e+03 2.5900000e+03 9.7323761e-01
2.5900000e+03 2.6000000e+03 9.6562168e-01
2.6000000e+03 2.6100000e+03 9.7586089e-01
2.6100000e+03 2.6200000e+03 9.5509505e-01
2.6200000e+03 2.6300000e+03 9.8116012e-01
2.6300000e+03 2.6400000e+03 9.9519658e-01
2.6400000e+03 2.6500000e+03 1.0050005e+00
2.6500000e+03 2.6600000e+03 1.0020837e+00
2.6600000e+03 2.6700000e+03 1.0027341e+00
2.6700000e+03 2.6800000e+03 1.0069045e+00
2.6800000e+03 2.6900000e+03 1.0104582e+00
2.6900000e+03 2.7000000e+03 1.0006286e+00
2.7000000e+03 2.7100000e+03 9.9569020e-01
2.7100000e+03 2.7200000e+03 9.8437642e-01
2.7200000e+03 2.7300000e+03 9.9331247e-01
2.7300000e+03 2.7400000e+03 9.8048525e-01
2.7400000e+03 2.7500000e+03 9.7686188e-01
2.7500000e+03 2.7600000e+03 9.8947482e-01
2.7600000e+03 2.7700000e+03 9.9722351e-01
2.7700000e+03 2.7800000e+03 9.9787134e-01
2.7800000e+03 2.7900000e+03 9.9213169e-01
2.7900000e+03 2.8000000e+03 9.8608542e-01
2.8000000e+03 2.8100000e+03 9.8022845e-01
2.8100000e+03 2.8200000e+03 9.8927376e-01
2.8200000e+03 2.8300000e+03 9.9657237e-01
2.8300000e+03 2.8400000e+03 1.0011661e+00
2.8400000e+03 2.8500000e+03 9.7950104e-01
2.8500000e+03 2.8600000e+03 9.8200369e-01
2.8600000e+03 2.8700000e+03 1.0014732e+00
2.8700000e+03 2.8800000e+03 1.0047772e+00
2.8800000e+03 2.8900000e+03 1.0090651e+00
2.8900000e+03 2.9000000e+03 9.9103117e-01
2.9000000e+03 2.9100000e+03 9.8646585e-01
2.9100000e+03 2.9200000e+03 9.9531330e-01
2.9200000e+03 2.9300000e+03 1.0021292e+00
2.9300000e+03 2.9400000e+03 9.9466472e-01
2.9400000e+03 2.9500000e+03 9.9522536e-01
2.9500000e+03 2.9600000e+03 9.9965870e-01
2.9600000e+03 2.9700000e+03 9.9664985e-01
2.9700000e+03 2.9800000e+03 9.9724615e-01
2.9800000e+03 2.9900000e+03 9.9806306e-01
2.9900000e+03 3.0000000e+03 9.9226194e-01
3.0000000e+03 3.0100000e+03 9.8944342e-01
3.0100000e+03 3.0200000e+03 9.9326492e-01
3.0200000e+03 3.0300000e+03 9.8789940e-01
3.0300000e+03 3.0400000e+03 9.9782712e-01
3.0400000e+03 3.0500000e+03 9.9653347e-01
3.0500000e+03 3.0600000e+03 9.9506796e-01
3.0600000e+03 3.0700000e+03 9.9437068e-01
3.0700000e+03 3.0800000e+03 9.9643723e-01
3.0800000e+03 3.0900000e+03 9.9164007e-01
3.0900000e+03 3.1000000e+03 9.9445892e-01
3.1000000e+03 3.1100000e+03 9.9357656e-01
3.1100000e+03 3.1200000e+03 9.9837103e-01
3.1200000e+03 3.1300000e+03 9.9744203e-01
3.1300000e+03 3.1400000e+03 9.9777033e-01
3.1400000e+03 3.1500000e+03 9.9262432e-01
3.1500000e+03 3.1600000e+03 9.9374224e-01
3.1600000e+03 3.1700000e+03 9.9835719e-01
3.1700000e+03 3.1800000e+03 9.9734809e-01
3.1800000e+03 3.1900000e+03 9.9606212e-01
3.1900000e+03 3.2000000e+03 9.9510770e-01
3.2000000e+03 3.2100000e+03 9.9622641e-01
3.2100000e+03 3.2200000e+03 9.9144045e-01
3.2200000e+03 3.2300000e+03 9.9477172e-01
3.2300000e+03 3.2400000e+03 9.9469439e-01
3.2400000e+03 3.2500000e+03 9.9406050e-01
3.2500000e+03 3.2600000e+03 9.9164446e-01
3.2600000e+03 3.2700000e+03 9.9398163e-01
3.2700000e+03 3.2800000e+03 9.9286172e-01
3.2800000e+03 3.2900000e+03 9.9380307e-01
3.2900000e+03 3.3000000e+03 9.8829122e-01
3.3000000e+03 3.3100000e+03 9.8928748e-01
3.3100000e+03 3.3200000e+03 9.8939079e-01
3.3200000e+03 3.3300000e+03 9.9223659e-01
3.3300000e+03 3.3400000e+03 9.9292294e-01
3.3400000e+03 3.3500000e+03 9.9167857e-01
3.3500000e+03 3.3600000e+03 9.9275465e-01
3.3600000e+03 3.3700000e+03 9.9166695e-01
3.3700000e+03 3.3800000e+03 9.9328729e-01
3.3800000e+03 3.3900000e+03 9.9189494e-01
3.3900000e+03 3.4000000e+03 9.9228457e-01
3.4000000e+03 3.4100000e+03 9.9169721e-01
3.4100000e+03 3.4200000e+03 9.9007876e-01
3.4200000e+03 3.4300000e+03 9.9099588e-01
3.4300000e+03 3.4400000e+03 9.8988712e-01
3.4400000e+03 3.4500000e+03 9.9025467e-01
3.4500000e+03 3.4600000e+03 9.8790636e-01
3.4600000e+03 3.4700000e+03 9.9328429e-01
3.4700000e+03 3.4800000e+03 9.9137590e-01
3.4800000e+03 3.4900000e+03 9.8774855e-01
3.4900000e+03 3.5000000e+03 9.9093302e-01
3.5000000e+03 3.5100000e+03 9.8843595e-01
3.5100000e+03 3.5200000e+03 9.8654557e-01
3.5200000e+03 3.5300000e+03 9.8831004e-01
3.5300000e+03 3.5400000e+03 9.8890576e-01
3.5400000e+03 3.5500000e+03 9.8563320e-01
3.5500000e+03 3.5600000e+03 9.8907582e-01
3.5600000e+03 3.5700000e+03 9.8900865e-01
3.5700000e+03 3.5800000e+03 9.9481747e-01
3.5800000e+03 3.5900000e+03 9.8819674e-01
3.5900000e+03 3.6000000e+03 9.8819758e-01
3.6000000e+03 3.6100000e+03 9.9239693e-01
3.6100000e+03 3.6200000e+03 9.9253534e-01
3.6200000e+03 3.6300000e+03 9.8847297e-01
3.6300000e+03 3.6400000e+03 9.9133837e-01
3.6400000e+03 3.6500000e+03 9.6517066e-01
3.6500000e+03 3.6600000e+03 9.8646300e-01
3.6600000e+03 3.6700000e+03 9.8925850e-01
3.6700000e+03 3.6800000e+03 9.8554112e-01
3.6800000e+03 3.6900000e+03 9.8699171e-01
3.6900000e+03 3.7000000e+03 9.9125607e-01
3.7000000e+03 3.7100000e+03 9.8183706e-01
3.7100000e+03 3.7200000e+03 9.5106582e-01
3.7200000e+03 3.7300000e+03 9.0390907e-01
3.7300000e+03 3.7400000e+03 9.5390024e-01
3.7400000e+03 3.7500000e+03 9.9926018e-01
3.7500000e+03 3.7600000e+03 8.9932377e-01
3.7600000e+03 3.7700000e+03 1.0400634e+00
3.7700000e+03 3.7800000e+03 8.8005372e-01
3.7800000e+03 3.7900000e+03 9.8966190e-01
3.7900000e+03 3.8000000e+03 1.1003803e+00
3.8000000e+03 3.8100000e+03 9.7032476e-01
3.8100000e+03 3.8200000e+03 9.9214907e-01
3.8200000e+03 3.8300000e+03 9.9881285e-01
3.8300000e+03 3.8400000e+03 1.1018466e+00
3.8400000e+03 3.8500000e+03 9.7887786e-01
3.8500000e+03 3.8600000e+03 9.9571200e-01
3.8600000e+03 3.8700000e+03 9.9375375e-01
3.8700000e+03 3.8800000e+03 1.0027984e+00
3.8800000e+03 3.8900000e+03 1.1133043e+00
3.8900000e+03 3.9000000e+03 9.4380128e-01
3.9000000e+03 3.9100000e+03 9.9129672e-01
3.9100000e+03 3.9200000e+03 9.8832789e-01
3.9200000e+03 3.9300000e+03 9.9026716e-01
3.9300000e+03 3.9400000e+03 9.7616573e-01
3.9400000e+03 3.9500000e+03 9.8581986e-01
3.9500000e+03 3.9600000e+03 9.8788046e-01
3.9600000e+03 3.9700000e+03 9.8316390e-01
3.9700000e+03 3.9800000e+03 8.4659794e-01
3.9800000e+03 3.9900000e+03 9.8181208e-01
3.9900000e+03 4.0000000e+03 9.8620487e-01
4.0000000e+03 4.0100000e+03 9.8529728e-01
4.0100000e+03 4.0200000e+03 9.8482616e-01
4.0200000e+03 4.0300000e+03 9.8438464e-01
4.0300000e+03 4.0400000e+03 9.8457508e-01
4.0400000e+03 4.0500000e+03 9.8349423e-01
4.0500000e+03 4.0600000e+03 9.8864022e-01
4.0600000e+03 4.0700000e+03 9.8130304e-01
4.0700000e+03 4.0800000e+03 9.8548041e-01
4.0800000e+03 4.0900000e+03 9.8855765e-01
4.0900000e+03 4.1000000e+03 1.0108370e+00
4.1000000e+03 4.1100000e+03 9.0207512e-01
4.1100000e+03 4.1200000e+03 9.7778521e-01
4.1200000e+03 4.1300000e+03 9.8615351e-01
4.1300000e+03 4.1400000e+03 9.8302151e-01
4.1400000e+03 4.1500000e+03 9.7582437e-01
4.1500000e+03 4.1600000e+03 9.7986260e-01
4.1600000e+03 4.1700000e+03 9.7906837e-01
4.1700000e+03 4.1800000e+03 9.8791284e-01
4.1800000e+03 4.1900000e+03 9.7659962e-01
4.1900000e+03 4.2000000e+03 9.8526754e-01
4.2000000e+03 4.2100000e+03 9.7966262e-01
4.2100000e+03 4.2200000e+03 9.7743953e-01
4.2200000e+03 4.2300000e+03 9.8347814e-01
4.2300000e+03 4.2400000e+03 9.8152138e-01
4.2400000e+03 4.2500000e+03 9.7670701e-01
4.2500000e+03 4.2600000e+03 9.7864732e-01
4.2600000e+03 4.2700000e+03 9.7728247e-01
4.2700000e+03 4.2800000e+03 9.7614609e-01
4.2800000e+03 4.2900000e+03 9.8264701e-01
4.2900000e+03 4.3000000e+03 9.8682689e-01
4.3000000e+03 4.3100000e+03 9.8708150e-01
4.3100000e+03 4.3200000e+03 9.6916550e-01
4.3200000e+03 4.3300000e+03 9.8060758e-01
4.3300000e+03 4.3400000e+03 1.0078758e+00
4.3400000e+03 4.3500000e+03 9.1019416e-01
4.3500000e+03 4.3600000e+03 9.7360294e-01
4.3600000e+03 4.3700000e+03 9.4682227e-01
4.3700000e+03 4.3800000e+03 9.6724967e-01
4.3800000e+03 4.3900000e+03 9.7910753e-01
4.3900000e+03 4.4000000e+03 9.6629604e-01
4.4000000e+03 4.4100000e+03 9.8266305e-01
4.4100000e+03 4.4200000e+03 9.6562809e-01
4.4200000e+03 4.4300000e+03 9.6492971e-01
4.4300000e+03 4.4400000e+03 9.8474023e-01
4.4400000e+03 4.4500000e+03 9.7412684e-01
4.4500000e+03 4.4600000e+03 9.8344479e-01
4.4600000e+03 4.4700000e+03 9.7731078e-01
4.4700000e+03 4.4800000e+03 9.5656811e-01
4.4800000e+03 4.4900000e+03 9.7176569e-01
4.4900000e+03 4.5000000e+03 9.6545017e-01
4.5000000e+03 4.5100000e+03 9.4691853e-01
4.5100000e+03 4.5200000e+03 9.6964946e-01
4.5200000e+03 4.5300000e+03 9.7003933e-01
4.5300000e+03 4.5400000e+03 9.7839715e-01
4.5400000e+03 4.5500000e+03 9.8002221e-01
4.5500000e+03 4.5600000e+03 9.5225808e-01
4.5600000e+03 4.5700000e+03 9.6046209e-01
4.5700000e+03 4.5800000e+03 9.5526183e-01
4.5800000e+03 4.5900000e+03 9.8144545e-01
4.5900000e+03 4.6000000e+03 9.6890639e-01
4.6000000e+03 4.6100000e+03 9.6141252e-01
4.6100000e+03 4.6200000e+03 9.7365569e-01
4.6200000e+03 4.6300000e+03 9.6082532e-01
4.6300000e+03 4.6400000e+03 9.7715328e-01
4.6400000e+03 4.6500000e+03 9.5041495e-01
4.6500000e+03 4.6600000e+03 9.5456058e-01
4.6600000e+03 4.6700000e+03 9.7917622e-01
4.6700000e+03 4.6800000e+03 9.4705209e-01
4.6800000e+03 4.6900000e+03 9.7606692e-01
4.6900000e+03 4.7000000e+03 9.7574412e-01
4.7000000e+03 4.7100000e+03 9.7685837e-01
4.7100000e+03 4.7200000e+03 9.6207804e-01
4.7200000e+03 4.7300000e+03 9.7935585e-01
4.7300000e+03 4.7400000e+03 9.6748182e-01
4.7400000e+03 4.7500000e+03 9.6288605e-01
4.7500000e+03 4.7600000e+03 9.4890932e-01
4.7600000e+03 4.7700000e+03 9.6717872e-01
4.7700000e+03 4.7800000e+03 9.7069128e-01
4.7800000e+03 4.7900000e+03 9.5534462e-01
4.7900000e+03 4.8000000e+03 9.9030061e-01
4.8000000e+03 4.8100000e+03 9.8058273e-01
4.8100000e+03 4.8200000e+03 9.7687701e-01
4.8200000e+03 4.8300000e+03 9.4374326e-01
4.8300000e+03 4.8400000e+03 9.6624566e-01
4.8400000e+03 4.8500000e+03 9.6515240e-01
4.8500000e+03 4.8600000e+03 9.6892630e-01
4.8600000e+03 4.8700000e+03 9.3138715e-01
4.8700000e+03 4.8800000e+03 9.6213320e-01
4.8800000e+03 4.8900000e+03 9.8094002e-01
4.8900000e+03 4.9000000e+03 9.3685514e-01
4.9000000e+03 4.9100000e+03 9.4643612e-01
4.9100000e+03 4.9200000e+03 9.6960043e-01
4.9200000e+03 4.9300000e+03 9.4954446e-01
4.9300000e+03 4.9400000e+03 9.6725281e-01
4.9400000e+03 4.9500000e+03 9.5625068e-01
4.9500000e+03 4.9600000e+03 9.4222629e-01
4.9600000e+03 4.9700000e+03 9.6027792e-01
4.9700000e+03 4.9800000e+03 9.6894075e-01
4.9800000e+03 4.9900000e+03 9.8118810e-01
4.9900000e+03 5.0000000e+03 9.5978787e-01
5.0000000e+03 5.0100000e+03 9.7698101e-01
5.0100000e+03 5.0200000e+03 9.7466238e-01
5.0200000e+03 5.0300000e+03 9.7988884e-01
5.0300000e+03 5.0400000e+03 9.7193584e-01
5.0400000e+03 5.0500000e+03 9.7148295e-01
5.0500000e+03 5.0600000e+03 9.2862554e-01
5.0600000e+03 5.0700000e+03 9.5301042e-01
5.0700000e+03 5.0800000e+03 9.6665965e-01
5.0800000e+03 5.0900000e+03 9.7603327e-01
5.0900000e+03 5.1000000e+03 9.6565790e-01
5.1000000e+03 5.1100000e+03 9.4576385e-01
5.1100000e+03 5.1200000e+03 9.2348550e-01
5.1200000e+03 5.1300000e+03 9.6658745e-01
5.1300000e+03 5.1400000e+03 9.5810308e-01
5.1400000e+03 5.1500000e+03 9.6610770e-01
5.1500000e+03 5.1600000e+03 9.5967112e-01
5.1600000e+03 5.1700000e+03 9.7848174e-01
5.1700000e+03 5.1800000e+03 9.7051540e-01
5.1800000e+03 5.1900000e+03 9.7043535e-01
5.1900000e+03 5.2000000e+03 9.7113991e-01
5.2000000e+03 5.2100000e+03 9.6667241e-01
5.2100000e+03 5.2200000e+03 9.4706245e-01
5.2200000e+03 5.2300000e+03 9.6261035e-01
5.2300000e+03 5.2400000e+03 9.4330963e-01
5.2400000e+03 5.2500000e+03 9.4963261e-01
5.2500000e+03 5.2600000e+03 9.7672985e-01
5.2600000e+03 5.2700000e+03 9.7989696e-01
5.2700000e+03 5.2800000e+03 9.5692684e-01
5.2800000e+03 5.2900000e+03 9.4518372e-01
5.2900000e+03 5.3000000e+03 9.5856549e-01
5.3000000e+03 5.3100000e+03 9.3739121e-01
5.3100000e+03 5.3200000e+03 9.6505873e-01
5.3200000e+03 5.3300000e+03 9.6777827e-01
5.3300000e+03 5.3400000e+03 9.6580700e-01
5.3400000e+03 5.3500000e+03 9.5185257e-01
5.3500000e+03 5.3600000e+03 9.7141861e-01
5.3600000e+03 5.3700000e+03 9.4282930e-01
5.3700000e+03 5.3800000e+03 9.2491148e-01
5.3800000e+03 5.3900000e+03 9.3811609e-01
5.3900000e+03 5.4000000e+03 9.3848636e-01
5.4000000e+03 5.4100000e+03 9.6426324e-01
5.4100000e+03 5.4200000e+03 9.4316842e-01
5.4200000e+03 5.4300000e+03 9.4147573e-01
5.4300000e+03 5.4400000e+03 9.2677242e-01
5.4400000e+03 5.4500000e+03 9.2027953e-01
5.4500000e+03 5.4600000e+03 9.1507553e-01
5.4600000e+03 5.4700000e+03 9.4514509e-01
5.4700000e+03 5.4800000e+03 9.4053566e-01
5.4800000e+03 5.4900000e+03 9.6773578e-01
5.4900000e+03 5.5000000e+03 9.3588448e-01
5.5000000e+03 5.5100000e+03 9.3221028e-01
5.5100000e+03 5.5200000e+03 9.7148330e-01
5.5200000e+03 5.5300000e+03 9.4859222e-01
5.5300000e+03 5.5400000e+03 9.7582305e-01
5.5400000e+03 5.5500000e+03 9.7741727e-01
5.5500000e+03 5.5600000e+03 9.7481506e-01
5.5600000e+03 5.5700000e+03 9.5900688e-01
5.5700000e+03 5.5800000e+03 9.3508607e-01
5.5800000e+03 5.5900000e+03 9.4694893e-01
5.5900000e+03 5.6000000e+03 9.5911611e-01
5.6000000e+03 5.6100000e+03 9.3823711e-01
5.6100000e+03 5.6200000e+03 9.3398781e-01
5.6200000e+03 5.6300000e+03 9.4634251e-01
5.6300000e+03 5.6400000e+03 9.7258897e-01
5.6400000e+03 5.6500000e+03 9.7119190e-01
5.6500000e+03 5.6600000e+03 9.6800541e-01
5.6600000e+03 5.6700000e+03 9.7417065e-01
5.6700000e+03 5.6800000e+03 9.6758203e-01
5.6800000e+03 5.6900000e+03 9.6756753e-01
5.6900000e+03 5.7000000e+03 9.8580530e-01
5.7000000e+03 5.7100000e+03 9.6814242e-01
5.7100000e+03 5.7200000e+03 9.6620565e-01
5.7200000e+03 5.7300000e+03 9.9142331e-01
5.7300000e+03 5.7400000e+03 9.9254455e-01
5.7400000e+03 5.7500000e+03 9.8622978e-01
5.7500000e+03 5.7600000e+03 9.7098745e-01
5.7600000e+03 5.7700000e+03 9.5687753e-01
5.7700000e+03 5.7800000e+03 9.8866378e-01
5.7800000e+03 5.7900000e+03 9.8057876e-01
5.7900000e+03 5.8000000e+03 9.6979829e-01
5.8000000e+03 5.8100000e+03 9.8976601e-01
5.8100000e+03 5.8200000e+03 9.8287239e-01
5.8200000e+03 5.8300000e+03 9.9769632e-01
5.8300000e+03 5.8400000e+03 9.9345432e-01
5.8400000e+03 5.8500000e+03 9.9090189e-01
5.8500000e+03 5.8600000e+03 9.4616874e-01
5.8600000e+03 5.8700000e+03 9.4842319e-01
5.8700000e+03 5.8800000e+03 9.9847969e-01
5.8800000e+03 5.8900000e+03 9.2711761e-01
5.8900000e+03 5.9000000e+03 9.5622889e-01
5.9000000e+03 5.9100000e+03 9.8639887e-01
5.9100000e+03 5.9200000e+03 9.4943033e-01
5.9200000e+03 5.9300000e+03 9.8466800e-01
5.9300000e+03 5.9400000e+03 9.5336170e-01
5.9400000e+03 5.9500000e+03 9.8401806e-01
5.9500000e+03 5.9600000e+03 9.8242298e-01
5.9600000e+03 5.9700000e+03 9.9628331e-01
5.9700000e+03 5.9800000e+03 9.4761820e-01
5.9800000e+03 5.9900000e+03 9.6875262e-01
5.9900000e+03 6.0000000e+03 9.8965110e-01
6.0000000e+03 6.0100000e+03 9.6267573e-01
6.0100000e+03 6.0200000e+03 9.6942645e-01
6.0200000e+03 6.0300000e+03 9.5550140e-01
6.0300000e+03 6.0400000e+03 9.9898300e-01
6.0400000e+03 6.0500000e+03 9.9972452e-01
6.0500000e+03 6.0600000e+03 9.7963673e-01
6.0600000e+03 6.0700000e+03 9.1976527e-01
6.0700000e+03 6.0800000e+03 9.7779980e-01
6.0800000e+03 6.0900000e+03 9.9353862e-01
6.0900000e+03 6.1000000e+03 9.9508142e-01
6.1000000e+03 6.1100000e+03 9.4588593e-01
6.1100000e+03 6.1200000e+03 9.8995002e-01
6.1200000e+03 6.1300000e+03 9.3620113e-01
6.1300000e+03 6.1400000e+03 9.4050159e-01
6.1400000e+03 6.1500000e+03 9.5252570e-01
6.1500000e+03 6.1600000e+03 9.6970546e-01
6.1600000e+03 6.1700000e+03 9.6648724e-01
6.1700000e+03 6.1800000e+03 9.7297532e-01
6.1800000e+03 6.1900000e+03 9.8633256e-01
6.1900000e+03 6.2000000e+03 9.2832726e-01
6.2000000e+03 6.2100000e+03 9.7294098e-01
6.2100000e+03 6.2200000e+03 9.5333479e-01
6.2200000e+03 6.2300000e+03 9.9310367e-01
6.2300000e+03 6.2400000e+03 9.4384535e-01
6.2400000e+03 6.2500000e+03 9.6814353e-01
6.2500000e+03 6.2600000e+03 9.5554850e-01
6.2600000e+03 6.2700000e+03 9.4128546e-01
6.2700000e+03 6.2800000e+03 9.6915098e-01
6.2800000e+03 6.2900000e+03 9.8380938e-01
6.2900000e+03 6.3000000e+03 9.7364111e-01
6.3000000e+03 6.3100000e+03 9.5220795e-01
6.3100000e+03 6.3200000e+03 9.6747535e-01
6.3200000e+03 6.3300000e+03 9.6543035e-01
6.3300000e+03 6.3400000e+03 9.4214219e-01
6.3400000e+03 6.3500000e+03 9.8788526e-01
6.3500000e+03 6.3600000e+03 9.6954266e-01
6.3600000e+03 6.3700000e+03 9.9611914e-01
6.3700000e+03 6.3800000e+03 9.9529539e-01
6.3800000e+03 6.3900000e+03 9.8710351e-01
6.3900000e+03 6.4000000e+03 9.2305070e-01
6.4000000e+03 6.4100000e+03 9.3415548e-01
6.4100000e+03 6.4200000e+03 9.5158532e-01
6.4200000e+03 6.4300000e+03 9.2622088e-01
6.4300000e+03 6.4400000e+03 9.3154676e-01
6.4400000e+03 6.4500000e+03 9.4163384e-01
6.4500000e+03 6.4600000e+03 9.7993683e-01
6.4600000e+03 6.4700000e+03 9.3605897e-01
6.4700000e+03 6.4800000e+03 9.4436663e-01
6.4800000e+03 6.4900000e+03 9.7836649e-01
6.4900000e+03 6.5000000e+03 9.6051836e-01
6.5000000e+03 6.5100000e+03 9.7427663e-01
6.5100000e+03 6.5200000e+03 9.8924658e-01
6.5200000e+03 6.5300000e+03 9.9831995e-01
6.5300000e+03 6.5400000e+03 9.9620569e-01
6.5400000e+03 6.5500000e+03 9.3402029e-01
6.5500000e+03 6.5600000e+03 9.9950813e-01
6.5600000e+03 6.5700000e+03 9.7681983e-01
6.5700000e+03 6.5800000e+03 9.8586509e-01
6.5800000e+03 6.5900000e+03 9.9292770e-01
6.5900000e+03 6.6000000e+03 9.4186368e-01
6.6000000e+03 6.6100000e+03 9.7001749e-01
6.6100000e+03 6.6200000e+03 9.9979158e-01
6.6200000e+03 6.6300000e+03 9.9854574e-01
6.6300000e+03 6.6400000e+03 9.8726253e-01
6.6400000e+03 6.6500000e+03 9.6539314e-01
6.6500000e+03 6.6600000e+03 9.9896077e-01
6.6600000e+03 6.6700000e+03 9.7566803e-01
6.6700000e+03 6.6800000e+03 9.2127248e-01
6.6800000e+03 6.6900000e+03 9.9864884e-01
6.6900000e+03 6.7000000e+03 9.9379825e-01
6.7000000e+03 6.7100000e+03 9.9597503e-01
6.7100000e+03 6.7200000e+03 9.6611673e-01
6.7200000e+03 6.7300000e+03 9.8886904e-01
6.7300000e+03 6.7400000e+03 9.9589674e-01
6.7400000e+03 6.7500000e+03 9.9860118e-01
6.7500000e+03 6.7600000e+03 9.7222629e-01
6.7600000e+03 6.7700000e+03 9.6569545e-01
6.7700000e+03 6.7800000e+03 9.9008450e-01
6.7800000e+03 6.7900000e+03 9.9619705e-01
6.7900000e+03 6.8000000e+03 9.9361415e-01
6.8000000e+03 6.8100000e+03 9.6578912e-01
6.8100000e+03 6.8200000e+03 9.9390811e-01
6.8200000e+03 6.8300000e+03 9.9003308e-01
6.8300000e+03 6.8400000e+03 9.9736513e-01
6.8400000e+03 6.8500000e+03 9.8197955e-01
6.8500000e+03 6.8600000e+03 9.7708859e-01
6.8600000e+03 6.8700000e+03 9.6102067e-01
6.8700000e+03 6.8800000e+03 9.9909065e-01
6.8800000e+03 6.8900000e+03 9.9284316e-01
6.8900000e+03 6.9000000e+03 9.9850919e-01
6.9000000e+03 6.9100000e+03 9.9919241e-01
6.9100000e+03 6.9200000e+03 9.8076956e-01
6.9200000e+03 6.9300000e+03 9.8879712e-01
6.9300000e+03 6.9400000e+03 9.9661852e-01
6.9400000e+03 6.9500000e+03 9.5679248e-01
6.9500000e+03 6.9600000e+03 9.9632819e-01
6.9600000e+03 6.9700000e+03 9.9827395e-01
6.9700000e+03 6.9800000e+03 9.8525379e-01
6.9800000e+03 6.9900000e+03 9.9798895e-01
6.9900000e+03 7.0000000e+03 9.9289696e-01
7.0000000e+03 7.0100000e+03 9.9995703e-01
7.0100000e+03 7.0200000e+03 9.8633927e-01
7.0200000e+03 7.0300000e+03 9.8862267e-01
7.0300000e+03 7.0400000e+03 9.8754487e-01
7.0400000e+03 7.0500000e+03 9.9816747e-01
7.0500000e+03 7.0600000e+03 9.9849623e-01
7.0600000e+03 7.0700000e+03 9.8841362e-01
7.0700000e+03 7.0800000e+03 9.9753254e-01
7.0800000e+03 7.0900000e+03 9.9554247e-01
7.0900000e+03 7.1000000e+03 9.8700597e-01
7.1000000e+03 7.1100000e+03 9.9883078e-01
7.1100000e+03 7.1200000e+03 9.9612220e-01
7.1200000e+03 7.1300000e+03 9.5026285e-01
7.1300000e+03 7.1400000e+03 9.7175546e-01
7.1400000e+03 7.1500000e+03 9.3677467e-01
7.1500000e+03 7.1600000e+03 9.8682512e-01
7.1600000e+03 7.1700000e+03 9.6167185e-01
7.1700000e+03 7.1800000e+03 9.9162755e-01
7.1800000e+03 7.1900000e+03 9.5647700e-01
7.1900000e+03 7.2000000e+03 9.9117731e-01
7.2000000e+03 7.2100000e+03 9.5370821e-01
7.2100000e+03 7.2200000e+03 9.9491627e-01
7.2200000e+03 7.2300000e+03 9.7357458e-01
7.2300000e+03 7.2400000e+03 9.9382019e-01
7.2400000e+03 7.2500000e+03 9.9117496e-01
7.2500000e+03 7.2600000e+03 9.9116138e-01
7.2600000e+03 7.2700000e+03 9.8553815e-01
7.2700000e+03 7.2800000e+03 9.8988948e-01
7.2800000e+03 7.2900000e+03 9.7243429e-01
7.2900000e+03 7.3000000e+03 9.8479309e-01
7.3000000e+03 7.3100000e+03 9.7768288e-01
7.3100000e+03 7.3200000e+03 9.8759650e-01
7.3200000e+03 7.3300000e+03 9.4478273e-01
7.3300000e+03 7.3400000e+03 9.9596082e-01
7.3400000e+03 7.3500000e+03 9.9912381e-01
7.3500000e+03 7.3600000e+03 9.7975676e-01
7.3600000e+03 7.3700000e+03 9.9529632e-01
7.3700000e+03 7.3800000e+03 9.9678462e-01
7.3800000e+03 7.3900000e+03 9.7521210e-01
7.3900000e+03 7.4000000e+03 9.8472912e-01
7.4000000e+03 7.4100000e+03 9.7108400e-01
7.4100000e+03 7.4200000e+03 9.6704731e-01
7.4200000e+03 7.4300000e+03 9.6221691e-01
7.4300000e+03 7.4400000e+03 9.9843263e-01
7.4400000e+03 7.4500000e+03 9.5677059e-01
7.4500000e+03 7.4600000e+03 9.9834766e-01
7.4600000e+03 7.4700000e+03 9.6445133e-01
7.4700000e+03 7.4800000e+03 9.9787668e-01
7.4800000e+03 7.4900000e+03 9.9847419e-01
7.4900000e+03 7.5000000e+03 9.4565944e-01
7.5000000e+03 7.5100000e+03 9.9885441e-01
7.5100000e+03 7.5200000e+03 9.3216311e-01
7.5200000e+03 7.5300000e+03 9.6521095e-01
7.5300000e+03 7.5400000e+03 9.9377436e-01
7.5400000e+03 7.5500000e+03 9.9968249e-01
7.5500000e+03 7.5600000e+03 9.5979416e-01
7.5600000e+03 7.5700000e+03 9.8125325e-01
7.5700000e+03 7.5800000e+03 9.7972217e-01
7.5800000e+03 7.5900000e+03 9.5953025e-01
7.5900000e+03 7.6000000e+03 9.9957170e-01
7.6000000e+03 7.6100000e+03 9.9823474e-01
7.6100000e+03 7.6200000e+03 9.5160208e-01
7.6200000e+03 7.6300000e+03 9.8697216e-01
7.6300000e+03 7.6400000e+03 9.9977338e-01
7.6400000e+03 7.6500000e+03 9.9946506e-01
7.6500000e+03 7.6600000e+03 9.7549611e-01
7.6600000e+03 7.6700000e+03 9.5846305e-01
7.6700000e+03 7.6800000e+03 9.9965483e-01
7.6800000e+03 7.6900000e+03 9.8920816e-01
7.6900000e+03 7.7000000e+03 9.8222187e-01
7.7000000e+03 7.7100000e+03 9.9985542e-01
7.7100000e+03 7.7200000e+03 9.6965314e-01
7.7200000e+03 7.7300000e+03 9.7305459e-01
7.7300000e+03 7.7400000e+03 9.9957573e-01
7.7400000e+03 7.7500000e+03 9.6295254e-01
7.7500000e+03 7.7600000e+03 9.9588705e-01
7.7600000e+03 7.7700000e+03 9.9974362e-01
7.7700000e+03 7.7800000e+03 9.9141490e-01
7.7800000e+03 7.7900000e+03 9.8093298e-01
7.7900000e+03 7.8000000e+03 9.7177992e-01
7.8000000e+03 7.8100000e+03 9.9364362e-01
7.8100000e+03 7.8200000e+03 9.9605490e-01
7.8200000e+03 7.8300000e+03 9.8684889e-01
7.8300000e+03 7.8400000e+03 9.4985659e-01
7.8400000e+03 7.8500000e+03 9.9787708e-01
7.8500000e+03 7.8600000e+03 9.5031497e-01
7.8600000e+03 7.8700000e+03 9.9853424e-01
7.8700000e+03 7.8800000e+03 9.9907554e-01
7.8800000e+03 7.8900000e+03 9.9883957e-01
7.8900000e+03 7.9000000e+03 9.9903757e-01
7.9000000e+03 7.9100000e+03 9.9820508e-01
7.9100000e+03 7.9200000e+03 9.8637751e-01
7.9200000e+03 7.9300000e+03 9.9963535e-01
7.9300000e+03 7.9400000e+03 9.5347500e-01
7.9400000e+03 7.9500000e+03 9.5098384e-01
7.9500000e+03 7.9600000e+03 9.9725149e-01
7.9600000e+03 7.9700000e+03 9.9963567e-01
7.9700000e+03 7.9800000e+03 9.9821326e-01
7.9800000e+03 7.9900000e+03 9.9957941e-01
7.9900000e+03 8.0000000e+03 9.3967244e-01
8.0000000e+03 8.0100000e+03 9.9881284e-01
8.0100000e+03 8.0200000e+03 9.9923764e-01
8.0200000e+03 8.0300000e+03 9.8366160e-01
8.0300000e+03 8.0400000e+03 9.9674841e-01
8.0400000e+03 8.0500000e+03 9.5484391e-01
8.0500000e+03 8.0600000e+03 9.9751085e-01
8.0600000e+03 8.0700000e+03 9.9975265e-01
8.0700000e+03 8.0800000e+03 9.9750170e-01
8.0800000e+03 8.0900000e+03 9.5541956e-01
8.0900000e+03 8.1000000e+03 9.8364256e-01
8.1000000e+03 8.1100000e+03 9.9962856e-01
8.1100000e+03 8.1200000e+03 9.9930382e-01
8.1200000e+03 8.1300000e+03 9.9961403e-01
8.1300000e+03 8.1400000e+03 9.9988872e-01
8.1400000e+03 8.1500000e+03 9.9948111e-01
8.1500000e+03 8.1600000e+03 9.9940901e-01
8.1600000e+03 8.1700000e+03 9.9455547e-01
8.1700000e+03 8.1800000e+03 9.9745954e-01
8.1800000e+03 8.1900000e+03 9.9372262e-01
8.1900000e+03 8.2000000e+03 9.7369668e-01
8.2000000e+03 8.2100000e+03 9.8646915e-01
8.2100000e+03 8.2200000e+03 9.7228662e-01
8.2200000e+03 8.2300000e+03 9.3404521e-01
8.2300000e+03 8.2400000e+03 9.7323705e-01
8.2400000e+03 8.2500000e+03 9.8317045e-01
8.2500000e+03 8.2600000e+03 9.9776486e-01
8.2600000e+03 8.2700000e+03 9.9847799e-01
8.2700000e+03 8.2800000e+03 9.9908231e-01
8.2800000e+03 8.2900000e+03 9.9985115e-01
8.2900000e+03 8.3000000e+03 9.8882828e-01
8.3000000e+03 8.3100000e+03 9.8683159e-01
8.3100000e+03 8.3200000e+03 9.9054413e-01
8.3200000e+03 8.3300000e+03 9.2487280e-01
8.3300000e+03 8.3400000e+03 9.8115759e-01
8.3400000e+03 8.3500000e+03 9.8448899e-01
8.3500000e+03 8.3600000e+03 9.9865787e-01
8.3600000e+03 8.3700000e+03 9.8318701e-01
8.3700000e+03 8.3800000e+03 9.9807175e-01
8.3800000e+03 8.3900000e+03 9.3339344e-01
8.3900000e+03 8.4000000e+03 9.9780262e-01
8.4000000e+03 8.4100000e+03 9.9698371e-01
8.4100000e+03 8.4200000e+03 9.8595380e-01
8.4200000e+03 8.4300000e+03 9.9060373e-01
8.4300000e+03 8.4400000e+03 9.7614140e-01
8.4400000e+03 8.4500000e+03 9.9413736e-01
8.4500000e+03 8.4600000e+03 9.9808280e-01
8.4600000e+03 8.4700000e+03 9.3520724e-01
8.4700000e+03 8.4800000e+03 9.9418069e-01
8.4800000e+03 8.4900000e+03 9.9531840e-01
8.4900000e+03 8.5000000e+03 9.6083373e-01
8.5000000e+03 8.5100000e+03 9.9500860e-01
8.5100000e+03 8.5200000e+03 9.4387219e-01
8.5200000e+03 8.5300000e+03 9.8006186e-01
8.5300000e+03 8.5400000e+03 9.9728395e-01
8.5400000e+03 8.5500000e+03 9.8073956e-01
8.5500000e+03 8.5600000e+03 9.8290848e-01
8.5600000e+03 8.5700000e+03 9.9986809e-01
8.5700000e+03 8.5800000e+03 9.9926805e-01
8.5800000e+03 8.5900000e+03 9.7066987e-01
8.5900000e+03 8.6000000e+03 9.9468479e-01
8.6000000e+03 8.6100000e+03 9.9853815e-01
8.6100000e+03 8.6200000e+03 9.5633724e-01
8.6200000e+03 8.6300000e+03 9.6431975e-01
8.6300000e+03 8.6400000e+03 9.9800146e-01
8.6400000e+03 8.6500000e+03 9.8605288e-01
8.6500000e+03 8.6600000e+03 9.9936235e-01
8.6600000e+03 8.6700000e+03 9.7755580e-01
8.6700000e+03 8.6800000e+03 9.4490596e-01
8.6800000e+03 8.6900000e+03 9.4364152e-01
8.6900000e+03 8.7000000e+03 9.8273087e-01
8.7000000e+03 8.7100000e+03 9.9930953e-01
8.7100000e+03 8.7200000e+03 9.8830936e-01
8.7200000e+03 8.7300000e+03 9.9277269e-01
8.7300000e+03 8.7400000e+03 9.7169350e-01
8.7400000e+03 8.7500000e+03 9.8926774e-01
8.7500000e+03 8.7600000e+03 9.5127717e-01
8.7600000e+03 8.7700000e+03 9.9904848e-01
8.7700000e+03 8.7800000e+03 9.8106791e-01
8.7800000e+03 8.7900000e+03 9.9900195e-01
8.7900000e+03 8.8000000e+03 9.6715272e-01
8.8000000e+03 8.8100000e+03 9.5605334e-01
8.8100000e+03 8.8200000e+03 9.9617132e-01
8.8200000e+03 8.8300000e+03 9.2804493e-01
8.8300000e+03 8.8400000e+03 9.4867271e-01
8.8400000e+03 8.8500000e+03 9.9304960e-01
8.8500000e+03 8.8600000e+03 9.9996106e-01
8.8600000e+03 8.8700000e+03 9.5876023e-01
8.8700000e+03 8.8800000e+03 9.9709598e-01
8.8800000e+03 8.8900000e+03 9.9950842e-01
8.8900000e+03 8.9000000e+03 9.9352704e-01
8.9000000e+03 8.9100000e+03 9.9938887e-01
8.9100000e+03 8.9200000e+03 9.8467657e-01
8.9200000e+03 8.9300000e+03 9.8674784e-01
8.9300000e+03 8.9400000e+03 9.9923763e-01
8.9400000e+03 8.9500000e+03 9.7533312e-01
8.9500000e+03 8.9600000e+03 9.9899567e-01
8.9600000e+03 8.9700000e+03 9.9467378e-01
8.9700000e+03 8.9800000e+03 9.8863978e-01
8.9800000e+03 8.9900000e+03 9.9740675e-01
8.9900000e+03 9.0000000e+03 9.3706286e-01
9.0000000e+03 9.0100000e+03 9.7981924e-01
9.0100000e+03 9.0200000e+03 9.7372547e-01
9.0200000e+03 9.0300000e+03 9.8847901e-01
9.0300000e+03 9.0400000e+03 9.9787188e-01
9.0400000e+03 9.0500000e+03 9.9983215e-01
9.0500000e+03 9.0600000e+03 9.9834567e-01
9.0600000e+03 9.0700000e+03 9.8276286e-01
9.0700000e+03 9.0800000e+03 9.8524997e-01
9.0800000e+03 9.0900000e+03 9.5914424e-01
9.0900000e+03 9.1000000e+03 9.7357832e-01
9.1000000e+03 9.1100000e+03 9.9758029e-01
9.1100000e+03 9.1200000e+03 9.7237944e-01
9.1200000e+03 9.1300000e+03 9.9979721e-01
9.1300000e+03 9.1400000e+03 9.9956083e-01
9.1400000e+03 9.1500000e+03 9.9401720e-01
9.1500000e+03 9.1600000e+03 9.9982961e-01
9.1600000e+03 9.1700000e+03 9.9617118e-01
9.1700000e+03 9.1800000e+03 9.9517543e-01
9.1800000e+03 9.1900000e+03 9.9972071e-01
9.1900000e+03 9.2000000e+03 9.9580997e-01
9.2000000e+03 9.2100000e+03 9.9497666e-01
9.2100000e+03 9.2200000e+03 0.0000000e+00
9.2200000e+03 9.2300000e+03 0.0000000e+00
9.2300000e+03 9.2400000e+03 0.0000000e+00
9.2400000e+03 9.2500000e+03 0.0000000e+00
9.2500000e+03 9.2600000e+03 0.0000000e+00
9.2600000e+03 9.2700000e+03 0.0000000e+00
9.2700000e+03 9.2800000e+03 0.0000000e+00
9.2800000e+03 9.2900000e+03 0.0000000e+00
9.2900000e+03 9.3000000e+03 0.0000000e+00
9.3000000e+03 9.3100000e+03 0.0000000e+00
9.3100000e+03 9.3200000e+03 0.0000000e+00
9.3200000e+03 9.3300000e+03 0.0000000e+00
9.3300000e+03 9.3400000e+03 0.0000000e+00
9.3400000e+03 9.3500000e+03 0.0000000e+00
9.3500000e+03 9.3600000e+03 0.0000000e+00
9.3600000e+03 9.3700000e+03 0.0000000e+00
9.3700000e+03 9.3800000e+03 0.0000000e+00
9.3800000e+03 9.3900000e+03 0.0000000e+00
9.3900000e+03 9.4000000e+03 0.0000000e+00
