1.1100000e+03 1.1200000e+03 8.5437940e-01
1.1200000e+03 1.1300000e+03 5.4942285e-01
1.1300000e+03 1.1400000e+03 2.9748307e-01
1.1400000e+03 1.1500000e+03 4.2914084e-01
1.1500000e+03 1.1600000e+03 4.7681159e-01
1.1600000e+03 1.1700000e+03 8.0466208e-01
1.1700000e+03 1.1800000e+03 9.2922835e-01
1.1800000e+03 1.1900000e+03 7.2340779e-01
1.1900000e+03 1.2000000e+03 2.1585193e-01
1.2000000e+03 1.2100000e+03 1.9280021e-01
1.2100000e+03 1.2200000e+03 9.9675312e-01
1.2200000e+03 1.2300000e+03 9.7476928e-01
1.2300000e+03 1.2400000e+03 9.4157524e-01
1.2400000e+03 1.2500000e+03 7.8321059e-01
1.2500000e+03 1.2600000e+03 7.0010582e-01
1.2600000e+03 1.2700000e+03 4.4984464e-01
1.2700000e+03 1.2800000e+03 5.3173254e-01
1.2800000e+03 1.2900000e+03 5.6127713e-01
1.2900000e+03 1.3000000e+03 7.7766201e-01
1.3000000e+03 1.3100000e+03 5.3738689e-01
1.3100000e+03 1.3200000e+03 7.6131382e-01
1.3200000e+03 1.3300000e+03 5.8373266e-01
1.3300000e+03 1.3400000e+03 5.2351371e-01
1.3400000e+03 1.3500000e+03 9.0589415e-01
1.3500000e+03 1.3600000e+03 7.8245568e-01
1.3600000e+03 1.3700000e+03 9.4250714e-01
1.3700000e+03 1.3800000e+03 8.7804627e-01
1.3800000e+03 1.3900000e+03 8.7718174e-01
1.3900000e+03 1.4000000e+03 9.3553196e-01
1.4000000e+03 1.4100000e+03 9.1986774e-01
1.4100000e+03 1.4200000e+03 9.3535362e-01
1.4200000e+03 1.4300000e+03 8.6413869e-01
1.4300000e+03 1.4400000e+03 8.7479589e-01
1.4400000e+03 1.4500000e+03 9.5536696e-01
1.4500000e+03 1.4600000e+03 9.2440758e-01
1.4600000e+03 1.4700000e+03 8.6245536e-01
1.4700000e+03 1.4800000e+03 9.1438861e-01
1.4800000e+03 1.4900000e+03 9.2025961e-01
1.4900000e+03 1.5000000e+03 9.2222190e-01
1.5000000e+03 1.5100000e+03 9.7038452e-01
1.5100000e+03 1.5200000e+03 9.9105490e-01
1.5200000e+03 1.5300000e+03 9.2410689e-01
1.5300000e+03 1.5400000e+03 8.6853933e-01
1.5400000e+03 1.5500000e+03 8.2775353e-01
1.5500000e+03 1.5600000e+03 7.9331374e-01
1.5600000e+03 1.5700000e+03 8.0476620e-01
1.5700000e+03 1.5800000e+03 7.6347990e-01
1.5800000e+03 1.5900000e+03 7.5291776e-01
1.5900000e+03 1.6000000e+03 7.2826187e-01
1.6000000e+03 1.6100000e+03 7.2567886e-01
1.6100000e+03 1.6200000e+03 7.6196322e-01
1.6200000e+03 1.6300000e+03 8.4125826e-01
1.6300000e+03 1.6400000e+03 7.8093554e-01
1.6400000e+03 1.6500000e+03 7.5417745e-01
1.6500000e+03 1.6600000e+03 8.2782824e-01
1.6600000e+03 1.6700000e+03 7.4627728e-01
1.6700000e+03 1.6800000e+03 8.6143434e-01
1.6800000e+03 1.6900000e+03 8.0100586e-01
1.6900000e+03 1.7000000e+03 6.4160364e-01
1.7000000e+03 1.7100000e+03 5.3713893e-01
1.7100000e+03 1.7200000e+03 4.5903603e-01
1.7200000e+03 1.7300000e+03 3.8501768e-01
1.7300000e+03 1.7400000e+03 3.3219940e-01
1.7400000e+03 1.7500000e+03 3.2463647e-01
1.7500000e+03 1.7600000e+03 3.0007167e-01
1.7600000e+03 1.7700000e+03 4.6801130e-01
1.7700000e+03 1.7800000e+03 4.1595036e-01
1.7800000e+03 1.7900000e+03 4.0242462e-01
1.7900000e+03 1.8000000e+03 1.5235058e-01
1.8000000e+03 1.8100000e+03 1.6394101e-01
1.8100000e+03 1.8200000e+03 1.5849644e-01
1.8200000e+03 1.8300000e+03 2.0171783e-01
1.8300000e+03 1.8400000e+03 1.7291583e-01
1.8400000e+03 1.8500000e+03 4.2317366e-01
1.8500000e+03 1.8600000e+03 2.1629849e-01
1.8600000e+03 1.8700000e+03 1.9640807e-01
1.8700000e+03 1.8800000e+03 3.2243735e-01
1.8800000e+03 1.8900000e+03 2.0213022e-01
1.8900000e+03 1.9000000e+03 1.2829075e-01
1.9000000e+03 1.9100000e+03 1.6544233e-01
1.9100000e+03 1.9200000e+03 1.8154986e-01
1.9200000e+03 1.9300000e+03 3.5607865e-01
1.9300000e+03 1.9400000e+03 7.7741480e-01
1.9400000e+03 1.9500000e+03 2.2817741e-01
1.9500000e+03 1.9600000e+03 1.5737262e-01
1.9600000e+03 1.9700000e+03 1.3558999e-01
1.9700000e+03 1.9800000e+03 1.3928377e-01
1.9800000e+03 1.9900000e+03 2.1944068e-01
1.9900000e+03 2.0000000e+03 1.5955807e-01
2.0000000e+03 2.0100000e+03 1.6156328e-01
2.0100000e+03 2.0200000e+03 1.4397464e-01
2.0200000e+03 2.0300000e+03 2.5606718e-01
2.0300000e+03 2.0400000e+03 1.3389210e-01
2.0400000e+03 2.0500000e+03 1.4619193e-01
2.0500000e+03 2.0600000e+03 1.4276999e-01
2.0600000e+03 2.0700000e+03 1.7192226e-01
2.0700000e+03 2.0800000e+03 2.4217072e-01
2.0800000e+03 2.0900000e+03 2.1145618e-01
2.0900000e+03 2.1000000e+03 8.9139034e-02
2.1000000e+03 2.1100000e+03 5.5660144e-02
2.1100000e+03 2.1200000e+03 4.0234627e-02
2.1200000e+03 2.1300000e+03 7.4495664e-02
2.1300000e+03 2.1400000e+03 5.3036740e-02
2.1400000e+03 2.1500000e+03 4.0174636e-02
2.1500000e+03 2.1600000e+03 4.8360784e-02
2.1600000e+03 2.1700000e+03 6.0244149e-02
2.1700000e+03 2.1800000e+03 6.8904178e-02
2.1800000e+03 2.1900000e+03 4.1094039e-02
2.1900000e+03 2.2000000e+03 4.7363384e-02
2.2000000e+03 2.2100000e+03 5.6178885e-02
2.2100000e+03 2.2200000e+03 8.4349360e-02
2.2200000e+03 2.2300000e+03 5.5016733e-02
2.2300000e+03 2.2400000e+03 5.5033554e-02
2.2400000e+03 2.2500000e+03 5.6877077e-02
2.2500000e+03 2.2600000e+03 9.2109813e-02
2.2600000e+03 2.2700000e+03 9.5069130e-02
2.2700000e+03 2.2800000e+03 1.1058349e-01
2.2800000e+03 2.2900000e+03 6.5383685e-02
2.2900000e+03 2.3000000e+03 1.0004693e-01
2.3000000e+03 2.3100000e+03 6.4483884e-02
2.3100000e+03 2.3200000e+03 1.1348365e-01
2.3200000e+03 2.3300000e+03 1.0049017e-01
2.3300000e+03 2.3400000e+03 1.4298803e-01
2.3400000e+03 2.3500000e+03 2.4070144e-01
2.3500000e+03 2.3600000e+03 1.0000755e-01
2.3600000e+03 2.3700000e+03 2.1294749e-01
2.3700000e+03 2.3800000e+03 1.4974384e-01
2.3800000e+03 2.3900000e+03 3.3954791e-01
2.3900000e+03 2.4000000e+03 2.3633040e-01
2.4000000e+03 2.4100000e+03 2.4223287e-01
2.4100000e+03 2.4200000e+03 2.1574386e-01
2.4200000e+03 2.4300000e+03 1.2377073e-01
2.4300000e+03 2.4400000e+03 1.3823573e-01
2.4400000e+03 2.4500000e+03 1.0580954e-01
2.4500000e+03 2.4600000e+03 1.0274792e-01
2.4600000e+03 2.4700000e+03 1.4310386e-01
2.4700000e+03 2.4800000e+03 1.7071790e-01
2.4800000e+03 2.4900000e+03 4.0385368e-01
2.4900000e+03 2.5000000e+03 2.0097093e-01
2.5000000e+03 2.5100000e+03 1.3902483e-01
2.5100000e+03 2.5200000e+03 6.0799098e-01
2.5200000e+03 2.5300000e+03 7.2922804e-01
2.5300000e+03 2.5400000e+03 5.0074104e-01
2.5400000e+03 2.5500000e+03 3.8493390e-01
2.5500000e+03 2.5600000e+03 1.7355651e-01
2.5600000e+03 2.5700000e+03 2.0337168e-01
2.5700000e+03 2.5800000e+03 1.4374307e-01
2.5800000e+03 2.5900000e+03 1.4321615e-01
2.5900000e+03 2.6000000e+03 2.2606873e-01
2.6000000e+03 2.6100000e+03 1.7780800e-01
2.6100000e+03 2.6200000e+03 2.5182764e-01
2.6200000e+03 2.6300000e+03 1.8834456e-01
2.6300000e+03 2.6400000e+03 1.0055248e-01
2.6400000e+03 2.6500000e+03 9.3990069e-02
2.6500000e+03 2.6600000e+03 7.9667723e-02
2.6600000e+03 2.6700000e+03 1.1439028e-01
2.6700000e+03 2.6800000e+03 1.0082558e-01
2.6800000e+03 2.6900000e+03 8.7777022e-02
2.6900000e+03 2.7000000e+03 1.1431799e-01
2.7000000e+03 2.7100000e+03 1.1513295e-01
2.7100000e+03 2.7200000e+03 1.4657143e-01
2.7200000e+03 2.7300000e+03 1.7038287e-01
2.7300000e+03 2.7400000e+03 1.7722215e-01
2.7400000e+03 2.7500000e+03 2.6737493e-01
2.7500000e+03 2.7600000e+03 1.7318960e-01
2.7600000e+03 2.7700000e+03 1.4984698e-01
2.7700000e+03 2.7800000e+03 1.7155610e-01
2.7800000e+03 2.7900000e+03 3.0693308e-01
2.7900000e+03 2.8000000e+03 7.0360533e-01
2.8000000e+03 2.8100000e+03 5.2189900e-01
2.8100000e+03 2.8200000e+03 1.8236603e-01
2.8200000e+03 2.8300000e+03 1.3777968e-01
2.8300000e+03 2.8400000e+03 1.5909958e-01
2.8400000e+03 2.8500000e+03 3.4033524e-01
2.8500000e+03 2.8600000e+03 5.4198161e-01
2.8600000e+03 2.8700000e+03 2.0117126e-01
2.8700000e+03 2.8800000e+03 1.3920914e-01
2.8800000e+03 2.8900000e+03 1.5700855e-01
2.8900000e+03 2.9000000e+03 1.4374237e-01
2.9000000e+03 2.9100000e+03 1.3435368e-01
2.9100000e+03 2.9200000e+03 1.0421268e-01
2.9200000e+03 2.9300000e+03 1.1584706e-01
2.9300000e+03 2.9400000e+03 9.9677990e-02
2.9400000e+03 2.9500000e+03 1.2846044e-01
2.9500000e+03 2.9600000e+03 9.8971786e-02
2.9600000e+03 2.9700000e+03 1.2441260e-01
2.9700000e+03 2.9800000e+03 1.0460958e-01
2.9800000e+03 2.9900000e+03 1.3295175e-01
2.9900000e+03 3.0000000e+03 1.0610986e-01
3.0000000e+03 3.0100000e+03 1.3839647e-01
3.0100000e+03 3.0200000e+03 1.1833136e-01
3.0200000e+03 3.0300000e+03 1.2255096e-01
3.0300000e+03 3.0400000e+03 1.1138390e-01
3.0400000e+03 3.0500000e+03 1.1726442e-01
3.0500000e+03 3.0600000e+03 1.2989833e-01
3.0600000e+03 3.0700000e+03 1.1677187e-01
3.0700000e+03 3.0800000e+03 1.1198857e-01
3.0800000e+03 3.0900000e+03 1.1329875e-01
3.0900000e+03 3.1000000e+03 1.6116078e-01
3.1000000e+03 3.1100000e+03 1.2238938e-01
3.1100000e+03 3.1200000e+03 1.3316483e-01
3.1200000e+03 3.1300000e+03 1.5144316e-01
3.1300000e+03 3.1400000e+03 1.3161163e-01
3.1400000e+03 3.1500000e+03 1.9713806e-01
3.1500000e+03 3.1600000e+03 1.6998712e-01
3.1600000e+03 3.1700000e+03 1.8584172e-01
3.1700000e+03 3.1800000e+03 1.3003030e-01
3.1800000e+03 3.1900000e+03 1.7345046e-01
3.1900000e+03 3.2000000e+03 1.5189784e-01
3.2000000e+03 3.2100000e+03 1.6839486e-01
3.2100000e+03 3.2200000e+03 1.5981899e-01
3.2200000e+03 3.2300000e+03 1.7902026e-01
3.2300000e+03 3.2400000e+03 1.6502376e-01
3.2400000e+03 3.2500000e+03 1.3958955e-01
3.2500000e+03 3.2600000e+03 1.4350688e-01
3.2600000e+03 3.2700000e+03 1.7244778e-01
3.2700000e+03 3.2800000e+03 1.3605038e-01
3.2800000e+03 3.2900000e+03 1.6755281e-01
3.2900000e+03 3.3000000e+03 2.0269189e-01
3.3000000e+03 3.3100000e+03 1.6557597e-01
3.3100000e+03 3.3200000e+03 1.6551499e-01
3.3200000e+03 3.3300000e+03 1.4696406e-01
3.3300000e+03 3.3400000e+03 1.7819687e-01
3.3400000e+03 3.3500000e+03 1.3965984e-01
3.3500000e+03 3.3600000e+03 1.6840763e-01
3.3600000e+03 3.3700000e+03 1.9049455e-01
3.3700000e+03 3.3800000e+03 1.6722901e-01
3.3800000e+03 3.3900000e+03 1.5607683e-01
3.3900000e+03 3.4000000e+03 1.6392236e-01
3.4000000e+03 3.4100000e+03 1.8475119e-01
3.4100000e+03 3.4200000e+03 1.6705003e-01
3.4200000e+03 3.4300000e+03 1.7851188e-01
3.4300000e+03 3.4400000e+03 1.6411256e-01
3.4400000e+03 3.4500000e+03 1.7889828e-01
3.4500000e+03 3.4600000e+03 1.4632501e-01
3.4600000e+03 3.4700000e+03 1.6326148e-01
3.4700000e+03 3.4800000e+03 1.6809475e-01
3.4800000e+03 3.4900000e+03 1.5303343e-01
3.4900000e+03 3.5000000e+03 1.7260607e-01
3.5000000e+03 3.5100000e+03 1.6070729e-01
3.5100000e+03 3.5200000e+03 1.6488923e-01
3.5200000e+03 3.5300000e+03 1.8172697e-01
3.5300000e+03 3.5400000e+03 2.0034591e-01
3.5400000e+03 3.5500000e+03 1.8324128e-01
3.5500000e+03 3.5600000e+03 1.7475024e-01
3.5600000e+03 3.5700000e+03 2.0295745e-01
3.5700000e+03 3.5800000e+03 2.3403923e-01
3.5800000e+03 3.5900000e+03 2.7212961e-01
3.5900000e+03 3.6000000e+03 1.6900323e-01
3.6000000e+03 3.6100000e+03 1.9234157e-01
3.6100000e+03 3.6200000e+03 2.1529125e-01
3.6200000e+03 3.6300000e+03 2.0246941e-01
3.6300000e+03 3.6400000e+03 2.0763064e-01
3.6400000e+03 3.6500000e+03 1.9895916e-01
3.6500000e+03 3.6600000e+03 1.9040512e-01
3.6600000e+03 3.6700000e+03 2.2685616e-01
3.6700000e+03 3.6800000e+03 1.7615925e-01
3.6800000e+03 3.6900000e+03 1.8356652e-01
3.6900000e+03 3.7000000e+03 2.5037959e-01
3.7000000e+03 3.7100000e+03 1.9423924e-01
3.7100000e+03 3.7200000e+03 1.5596014e-01
3.7200000e+03 3.7300000e+03 1.9060304e-01
3.7300000e+03 3.7400000e+03 2.3905817e-01
3.7400000e+03 3.7500000e+03 2.3259542e-01
3.7500000e+03 3.7600000e+03 1.8383491e-01
3.7600000e+03 3.7700000e+03 1.8916326e-01
3.7700000e+03 3.7800000e+03 2.1574791e-01
3.7800000e+03 3.7900000e+03 1.7661939e-01
3.7900000e+03 3.8000000e+03 2.3818423e-01
3.8000000e+03 3.8100000e+03 2.0075639e-01
3.8100000e+03 3.8200000e+03 2.0724169e-01
3.8200000e+03 3.8300000e+03 2.8064902e-01
3.8300000e+03 3.8400000e+03 3.4221302e-01
3.8400000e+03 3.8500000e+03 2.3728252e-01
3.8500000e+03 3.8600000e+03 2.5010573e-01
3.8600000e+03 3.8700000e+03 2.3113726e-01
3.8700000e+03 3.8800000e+03 2.6578181e-01
3.8800000e+03 3.8900000e+03 2.6190430e-01
3.8900000e+03 3.9000000e+03 1.8374916e-01
3.9000000e+03 3.9100000e+03 1.9270659e-01
3.9100000e+03 3.9200000e+03 2.5669050e-01
3.9200000e+03 3.9300000e+03 2.6296572e-01
3.9300000e+03 3.9400000e+03 4.9672634e-01
3.9400000e+03 3.9500000e+03 2.3361868e-01
3.9500000e+03 3.9600000e+03 2.7887831e-01
3.9600000e+03 3.9700000e+03 4.0375489e-01
3.9700000e+03 3.9800000e+03 3.7223659e-01
3.9800000e+03 3.9900000e+03 3.2545368e-01
3.9900000e+03 4.0000000e+03 2.6627560e-01
4.0000000e+03 4.0100000e+03 1.8558924e-01
4.0100000e+03 4.0200000e+03 3.7394144e-01
4.0200000e+03 4.0300000e+03 3.1519098e-01
4.0300000e+03 4.0400000e+03 1.9197952e-01
4.0400000e+03 4.0500000e+03 1.7912964e-01
4.0500000e+03 4.0600000e+03 3.4204677e-01
4.0600000e+03 4.0700000e+03 1.6728908e-01
4.0700000e+03 4.0800000e+03 1.8675393e-01
4.0800000e+03 4.0900000e+03 3.8241216e-01
4.0900000e+03 4.1000000e+03 4.7928802e-01
4.1000000e+03 4.1100000e+03 4.1173564e-01
4.1100000e+03 4.1200000e+03 3.3043064e-01
4.1200000e+03 4.1300000e+03 3.7003433e-01
4.1300000e+03 4.1400000e+03 2.1811953e-01
4.1400000e+03 4.1500000e+03 1.8849408e-01
4.1500000e+03 4.1600000e+03 2.6403430e-01
4.1600000e+03 4.1700000e+03 6.2487681e-01
4.1700000e+03 4.1800000e+03 3.2242761e-01
4.1800000e+03 4.1900000e+03 2.3848864e-01
4.1900000e+03 4.2000000e+03 2.4313226e-01
4.2000000e+03 4.2100000e+03 2.0208668e-01
4.2100000e+03 4.2200000e+03 2.2082007e-01
4.2200000e+03 4.2300000e+03 1.9786951e-01
4.2300000e+03 4.2400000e+03 2.3324785e-01
4.2400000e+03 4.2500000e+03 1.9607951e-01
4.2500000e+03 4.2600000e+03 1.9562384e-01
4.2600000e+03 4.2700000e+03 2.1895248e-01
4.2700000e+03 4.2800000e+03 2.0571351e-01
4.2800000e+03 4.2900000e+03 2.3166238e-01
4.2900000e+03 4.3000000e+03 2.6770257e-01
4.3000000e+03 4.3100000e+03 2.9786063e-01
4.3100000e+03 4.3200000e+03 2.5206724e-01
4.3200000e+03 4.3300000e+03 2.1252458e-01
4.3300000e+03 4.3400000e+03 3.0143144e-01
4.3400000e+03 4.3500000e+03 5.2671881e-01
4.3500000e+03 4.3600000e+03 3.2027607e-01
4.3600000e+03 4.3700000e+03 5.0900592e-01
4.3700000e+03 4.3800000e+03 2.8824605e-01
4.3800000e+03 4.3900000e+03 2.1870715e-01
4.3900000e+03 4.4000000e+03 5.5127913e-01
4.4000000e+03 4.4100000e+03 2.4408712e-01
4.4100000e+03 4.4200000e+03 2.0490992e-01
4.4200000e+03 4.4300000e+03 2.8236718e-01
4.4300000e+03 4.4400000e+03 3.3054354e-01
4.4400000e+03 4.4500000e+03 3.1033138e-01
4.4500000e+03 4.4600000e+03 3.0502703e-01
4.4600000e+03 4.4700000e+03 2.9174257e-01
4.4700000e+03 4.4800000e+03 3.8205448e-01
4.4800000e+03 4.4900000e+03 4.0329847e-01
4.4900000e+03 4.5000000e+03 3.6023312e-01
4.5000000e+03 4.5100000e+03 7.0065817e-01
4.5100000e+03 4.5200000e+03 7.8892380e-01
4.5200000e+03 4.5300000e+03 2.8893363e-01
4.5300000e+03 4.5400000e+03 3.8813201e-01
4.5400000e+03 4.5500000e+03 5.1366521e-01
4.5500000e+03 4.5600000e+03 3.8724864e-01
4.5600000e+03 4.5700000e+03 7.9331652e-01
4.5700000e+03 4.5800000e+03 7.2996739e-01
4.5800000e+03 4.5900000e+03 5.1565180e-01
4.5900000e+03 4.6000000e+03 6.5834812e-01
4.6000000e+03 4.6100000e+03 4.0791054e-01
4.6100000e+03 4.6200000e+03 5.7779956e-01
4.6200000e+03 4.6300000e+03 6.8682142e-01
4.6300000e+03 4.6400000e+03 7.4445676e-01
4.6400000e+03 4.6500000e+03 4.9295427e-01
4.6500000e+03 4.6600000e+03 5.6395033e-01
4.6600000e+03 4.6700000e+03 8.1882688e-01
4.6700000e+03 4.6800000e+03 5.7127795e-01
4.6800000e+03 4.6900000e+03 8.4866970e-01
4.6900000e+03 4.7000000e+03 8.4061944e-01
4.7000000e+03 4.7100000e+03 5.3414416e-01
4.7100000e+03 4.7200000e+03 6.2955363e-01
4.7200000e+03 4.7300000e+03 8.6527746e-01
4.7300000e+03 4.7400000e+03 6.2758740e-01
4.7400000e+03 4.7500000e+03 7.8345535e-01
4.7500000e+03 4.7600000e+03 6.9789925e-01
4.7600000e+03 4.7700000e+03 7.7693314e-01
4.7700000e+03 4.7800000e+03 9.3298028e-01
4.7800000e+03 4.7900000e+03 6.2739332e-01
4.7900000e+03 4.8000000e+03 9.6592582e-01
4.8000000e+03 4.8100000e+03 9.0348408e-01
4.8100000e+03 4.8200000e+03 9.1329780e-01
4.8200000e+03 4.8300000e+03 7.4144630e-01
4.8300000e+03 4.8400000e+03 8.6032833e-01
4.8400000e+03 4.8500000e+03 8.0539994e-01
4.8500000e+03 4.8600000e+03 5.6564570e-01
4.8600000e+03 4.8700000e+03 8.4842236e-01
4.8700000e+03 4.8800000e+03 3.4074979e-01
4.8800000e+03 4.8900000e+03 7.7386650e-01
4.8900000e+03 4.9000000e+03 3.4092740e-01
4.9000000e+03 4.9100000e+03 6.0270490e-01
4.9100000e+03 4.9200000e+03 3.9316228e-01
4.9200000e+03 4.9300000e+03 2.9066338e-01
4.9300000e+03 4.9400000e+03 4.7361924e-01
4.9400000e+03 4.9500000e+03 8.6938768e-01
4.9500000e+03 4.9600000e+03 3.3364226e-01
4.9600000e+03 4.9700000e+03 7.4339561e-01
4.9700000e+03 4.9800000e+03 8.8671279e-01
4.9800000e+03 4.9900000e+03 4.6313413e-01
4.9900000e+03 5.0000000e+03 5.9325144e-01
5.0000000e+03 5.0100000e+03 4.4213648e-01
5.0100000e+03 5.0200000e+03 3.9252143e-01
5.0200000e+03 5.0300000e+03 7.7670776e-01
5.0300000e+03 5.0400000e+03 5.1629779e-01
5.0400000e+03 5.0500000e+03 3.1915252e-01
5.0500000e+03 5.0600000e+03 5.8781905e-01
5.0600000e+03 5.0700000e+03 6.7110367e-01
5.0700000e+03 5.0800000e+03 6.7753182e-01
5.0800000e+03 5.0900000e+03 5.6068732e-01
5.0900000e+03 5.1000000e+03 7.1614003e-01
5.1000000e+03 5.1100000e+03 5.5026486e-01
5.1100000e+03 5.1200000e+03 5.9211467e-01
5.1200000e+03 5.1300000e+03 6.1004610e-01
5.1300000e+03 5.1400000e+03 3.9357656e-01
5.1400000e+03 5.1500000e+03 3.9054472e-01
5.1500000e+03 5.1600000e+03 6.3842660e-01
5.1600000e+03 5.1700000e+03 2.9551357e-01
5.1700000e+03 5.1800000e+03 2.7568676e-01
5.1800000e+03 5.1900000e+03 2.8973715e-01
5.1900000e+03 5.2000000e+03 3.3984370e-01
5.2000000e+03 5.2100000e+03 2.8079439e-01
5.2100000e+03 5.2200000e+03 3.8963314e-01
5.2200000e+03 5.2300000e+03 2.9980248e-01
5.2300000e+03 5.2400000e+03 3.6438862e-01
5.2400000e+03 5.2500000e+03 7.9205339e-01
5.2500000e+03 5.2600000e+03 8.0282563e-01
5.2600000e+03 5.2700000e+03 2.9300097e-01
5.2700000e+03 5.2800000e+03 3.4625094e-01
5.2800000e+03 5.2900000e+03 5.5781381e-01
5.2900000e+03 5.3000000e+03 6.5061034e-01
5.3000000e+03 5.3100000e+03 7.5192687e-01
5.3100000e+03 5.3200000e+03 8.3603851e-01
5.3200000e+03 5.3300000e+03 3.4738172e-01
5.3300000e+03 5.3400000e+03 5.6528034e-01
5.3400000e+03 5.3500000e+03 4.6816327e-01
5.3500000e+03 5.3600000e+03 9.4559290e-01
5.3600000e+03 5.3700000e+03 5.9663208e-01
5.3700000e+03 5.3800000e+03 2.8694247e-01
5.3800000e+03 5.3900000e+03 6.1523103e-01
5.3900000e+03 5.4000000e+03 3.5524988e-01
5.4000000e+03 5.4100000e+03 3.2660931e-01
5.4100000e+03 5.4200000e+03 6.0853610e-01
5.4200000e+03 5.4300000e+03 3.4974346e-01
5.4300000e+03 5.4400000e+03 3.7043677e-01
5.4400000e+03 5.4500000e+03 3.1519686e-01
5.4500000e+03 5.4600000e+03 3.0502491e-01
5.4600000e+03 5.4700000e+03 7.8093462e-01
5.4700000e+03 5.4800000e+03 3.6534840e-01
5.4800000e+03 5.4900000e+03 7.9303688e-01
5.4900000e+03 5.5000000e+03 6.8529493e-01
5.5000000e+03 5.5100000e+03 5.2706846e-01
5.5100000e+03 5.5200000e+03 8.7318316e-01
5.5200000e+03 5.5300000e+03 4.9343089e-01
5.5300000e+03 5.5400000e+03 9.4610137e-01
5.5400000e+03 5.5500000e+03 9.5992505e-01
5.5500000e+03 5.5600000e+03 9.3545056e-01
5.5600000e+03 5.5700000e+03 6.7757462e-01
5.5700000e+03 5.5800000e+03 5.8181382e-01
5.5800000e+03 5.5900000e+03 4.7177497e-01
5.5900000e+03 5.6000000e+03 6.3401749e-01
5.6000000e+03 5.6100000e+03 7.4675119e-01
5.6100000e+03 5.6200000e+03 4.8476114e-01
5.6200000e+03 5.6300000e+03 8.2818079e-01
5.6300000e+03 5.6400000e+03 9.3701686e-01
5.6400000e+03 5.6500000e+03 9.0951029e-01
5.6500000e+03 5.6600000e+03 6.5439821e-01
5.6600000e+03 5.6700000e+03 8.3903849e-01
5.6700000e+03 5.6800000e+03 9.4121993e-01
5.6800000e+03 5.6900000e+03 8.8167599e-01
5.6900000e+03 5.7000000e+03 9.7235961e-01
5.7000000e+03 5.7100000e+03 7.1056896e-01
5.7100000e+03 5.7200000e+03 8.7425383e-01
5.7200000e+03 5.7300000e+03 9.9151334e-01
5.7300000e+03 5.7400000e+03 9.9009859e-01
5.7400000e+03 5.7500000e+03 9.7582794e-01
5.7500000e+03 5.7600000e+03 9.2971337e-01
5.7600000e+03 5.7700000e+03 9.1294830e-01
5.7700000e+03 5.7800000e+03 9.8530398e-01
5.7800000e+03 5.7900000e+03 9.4146613e-01
5.7900000e+03 5.8000000e+03 9.4976595e-01
5.8000000e+03 5.8100000e+03 9.8125972e-01
5.8100000e+03 5.8200000e+03 9.7789293e-01
5.8200000e+03 5.8300000e+03 9.9768622e-01
5.8300000e+03 5.8400000e+03 9.9325443e-01
5.8400000e+03 5.8500000e+03 9.8862975e-01
5.8500000e+03 5.8600000e+03 7.6872918e-01
5.8600000e+03 5.8700000e+03 8.8397999e-01
5.8700000e+03 5.8800000e+03 9.9787857e-01
5.8800000e+03 5.8900000e+03 3.7929995e-01
5.8900000e+03 5.9000000e+03 3.3886105e-01
5.9000000e+03 5.9100000e+03 9.1535620e-01
5.9100000e+03 5.9200000e+03 8.9038460e-01
5.9200000e+03 5.9300000e+03 9.7901387e-01
5.9300000e+03 5.9400000e+03 9.2966421e-01
5.9400000e+03 5.9500000e+03 9.7495057e-01
5.9500000e+03 5.9600000e+03 9.7892575e-01
5.9600000e+03 5.9700000e+03 9.9687047e-01
5.9700000e+03 5.9800000e+03 9.1316515e-01
5.9800000e+03 5.9900000e+03 9.5926137e-01
5.9900000e+03 6.0000000e+03 9.8680314e-01
6.0000000e+03 6.0100000e+03 9.3500093e-01
6.0100000e+03 6.0200000e+03 9.5337458e-01
6.0200000e+03 6.0300000e+03 8.5589563e-01
6.0300000e+03 6.0400000e+03 9.9909283e-01
6.0400000e+03 6.0500000e+03 9.9926509e-01
6.0500000e+03 6.0600000e+03 9.7708892e-01
6.0600000e+03 6.0700000e+03 8.1860923e-01
6.0700000e+03 6.0800000e+03 9.7583173e-01
6.0800000e+03 6.0900000e+03 9.9047444e-01
6.0900000e+03 6.1000000e+03 9.9222654e-01
6.1000000e+03 6.1100000e+03 8.1117691e-01
6.1100000e+03 6.1200000e+03 9.6648350e-01
6.1200000e+03 6.1300000e+03 6.2914813e-01
6.1300000e+03 6.1400000e+03 5.7417034e-01
6.1400000e+03 6.1500000e+03 8.2394618e-01
6.1500000e+03 6.1600000e+03 9.0993492e-01
6.1600000e+03 6.1700000e+03 4.6811442e-01
6.1700000e+03 6.1800000e+03 8.9690984e-01
6.1800000e+03 6.1900000e+03 9.8417874e-01
6.1900000e+03 6.2000000e+03 7.5627082e-01
6.2000000e+03 6.2100000e+03 9.7201295e-01
6.2100000e+03 6.2200000e+03 9.0175682e-01
6.2200000e+03 6.2300000e+03 9.9038461e-01
6.2300000e+03 6.2400000e+03 7.1186662e-01
6.2400000e+03 6.2500000e+03 8.0690171e-01
6.2500000e+03 6.2600000e+03 7.2370245e-01
6.2600000e+03 6.2700000e+03 8.8287378e-01
6.2700000e+03 6.2800000e+03 9.3379266e-01
6.2800000e+03 6.2900000e+03 9.8481839e-01
6.2900000e+03 6.3000000e+03 9.6659036e-01
6.3000000e+03 6.3100000e+03 8.3864247e-01
6.3100000e+03 6.3200000e+03 8.3936054e-01
6.3200000e+03 6.3300000e+03 9.3154184e-01
6.3300000e+03 6.3400000e+03 8.0769101e-01
6.3400000e+03 6.3500000e+03 9.5346836e-01
6.3500000e+03 6.3600000e+03 9.4804873e-01
6.3600000e+03 6.3700000e+03 9.7768400e-01
6.3700000e+03 6.3800000e+03 9.9276491e-01
6.3800000e+03 6.3900000e+03 9.8614205e-01
6.3900000e+03 6.4000000e+03 7.1721725e-01
6.4000000e+03 6.4100000e+03 7.9549209e-01
6.4100000e+03 6.4200000e+03 8.4446894e-01
6.4200000e+03 6.4300000e+03 8.2653349e-01
6.4300000e+03 6.4400000e+03 5.5701577e-01
6.4400000e+03 6.4500000e+03 9.0228701e-01
6.4500000e+03 6.4600000e+03 9.5925539e-01
6.4600000e+03 6.4700000e+03 6.0146937e-01
6.4700000e+03 6.4800000e+03 8.7241444e-01
6.4800000e+03 6.4900000e+03 9.7693000e-01
6.4900000e+03 6.5000000e+03 5.8359700e-01
6.5000000e+03 6.5100000e+03 9.6993690e-01
6.5100000e+03 6.5200000e+03 9.8540697e-01
6.5200000e+03 6.5300000e+03 9.9732685e-01
6.5300000e+03 6.5400000e+03 9.9564127e-01
6.5400000e+03 6.5500000e+03 8.6821108e-01
6.5500000e+03 6.5600000e+03 9.8300993e-01
6.5600000e+03 6.5700000e+03 9.8413018e-01
6.5700000e+03 6.5800000e+03 9.8627518e-01
6.5800000e+03 6.5900000e+03 9.9315436e-01
6.5900000e+03 6.6000000e+03 8.4012957e-01
6.6000000e+03 6.6100000e+03 9.3307267e-01
6.6100000e+03 6.6200000e+03 9.9978450e-01
6.6200000e+03 6.6300000e+03 9.9897424e-01
6.6300000e+03 6.6400000e+03 9.7823497e-01
6.6400000e+03 6.6500000e+03 9.4905770e-01
6.6500000e+03 6.6600000e+03 9.9867877e-01
6.6600000e+03 6.6700000e+03 9.7003314e-01
6.6700000e+03 6.6800000e+03 7.8656043e-01
6.6800000e+03 6.6900000e+03 9.7737942e-01
6.6900000e+03 6.7000000e+03 9.9234409e-01
6.7000000e+03 6.7100000e+03 9.9514835e-01
6.7100000e+03 6.7200000e+03 9.4326283e-01
6.7200000e+03 6.7300000e+03 9.8698048e-01
6.7300000e+03 6.7400000e+03 9.9462917e-01
6.7400000e+03 6.7500000e+03 9.9831186e-01
6.7500000e+03 6.7600000e+03 9.6880382e-01
6.7600000e+03 6.7700000e+03 9.5324214e-01
6.7700000e+03 6.7800000e+03 9.8471588e-01
6.7800000e+03 6.7900000e+03 9.9589167e-01
6.7900000e+03 6.8000000e+03 9.9155388e-01
6.8000000e+03 6.8100000e+03 9.5956328e-01
6.8100000e+03 6.8200000e+03 9.9278750e-01
6.8200000e+03 6.8300000e+03 9.8833441e-01
6.8300000e+03 6.8400000e+03 9.9781975e-01
6.8400000e+03 6.8500000e+03 9.7551335e-01
6.8500000e+03 6.8600000e+03 9.5919179e-01
6.8600000e+03 6.8700000e+03 9.4264985e-01
6.8700000e+03 6.8800000e+03 9.9208496e-01
6.8800000e+03 6.8900000e+03 9.8830782e-01
6.8900000e+03 6.9000000e+03 9.9597458e-01
6.9000000e+03 6.9100000e+03 9.9895937e-01
6.9100000e+03 6.9200000e+03 9.7712990e-01
6.9200000e+03 6.9300000e+03 9.8423443e-01
6.9300000e+03 6.9400000e+03 9.9667184e-01
6.9400000e+03 6.9500000e+03 9.4799002e-01
6.9500000e+03 6.9600000e+03 9.9424001e-01
6.9600000e+03 6.9700000e+03 9.9687137e-01
6.9700000e+03 6.9800000e+03 9.7495571e-01
6.9800000e+03 6.9900000e+03 9.9359936e-01
6.9900000e+03 7.0000000e+03 9.9382367e-01
7.0000000e+03 7.0100000e+03 9.9999968e-01
7.0100000e+03 7.0200000e+03 9.7593210e-01
7.0200000e+03 7.0300000e+03 9.8126040e-01
7.0300000e+03 7.0400000e+03 9.8080912e-01
7.0400000e+03 7.0500000e+03 9.9505960e-01
7.0500000e+03 7.0600000e+03 9.9763086e-01
7.0600000e+03 7.0700000e+03 9.8438546e-01
7.0700000e+03 7.0800000e+03 9.9729299e-01
7.0800000e+03 7.0900000e+03 9.9524495e-01
7.0900000e+03 7.1000000e+03 9.8588079e-01
7.1000000e+03 7.1100000e+03 9.9866342e-01
7.1100000e+03 7.1200000e+03 9.9028867e-01
7.1200000e+03 7.1300000e+03 8.9883878e-01
7.1300000e+03 7.1400000e+03 9.5432042e-01
7.1400000e+03 7.1500000e+03 7.4559344e-01
7.1500000e+03 7.1600000e+03 9.8596584e-01
7.1600000e+03 7.1700000e+03 9.2396651e-01
7.1700000e+03 7.1800000e+03 9.9035550e-01
7.1800000e+03 7.1900000e+03 8.1603559e-01
7.1900000e+03 7.2000000e+03 9.5838831e-01
7.2000000e+03 7.2100000e+03 8.3957481e-01
7.2100000e+03 7.2200000e+03 9.7581990e-01
7.2200000e+03 7.2300000e+03 9.6062493e-01
7.2300000e+03 7.2400000e+03 9.9248219e-01
7.2400000e+03 7.2500000e+03 9.9162960e-01
7.2500000e+03 7.2600000e+03 9.8807813e-01
7.2600000e+03 7.2700000e+03 9.8236373e-01
7.2700000e+03 7.2800000e+03 9.8487665e-01
7.2800000e+03 7.2900000e+03 8.9759182e-01
7.2900000e+03 7.3000000e+03 9.6480328e-01
7.3000000e+03 7.3100000e+03 9.6620409e-01
7.3100000e+03 7.3200000e+03 9.8320728e-01
7.3200000e+03 7.3300000e+03 8.4784656e-01
7.3300000e+03 7.3400000e+03 9.9469441e-01
7.3400000e+03 7.3500000e+03 9.9779198e-01
7.3500000e+03 7.3600000e+03 9.7711336e-01
7.3600000e+03 7.3700000e+03 9.9315354e-01
7.3700000e+03 7.3800000e+03 9.9446809e-01
7.3800000e+03 7.3900000e+03 9.1672388e-01
7.3900000e+03 7.4000000e+03 9.7209221e-01
7.4000000e+03 7.4100000e+03 9.0382419e-01
7.4100000e+03 7.4200000e+03 8.7502944e-01
7.4200000e+03 7.4300000e+03 8.7517588e-01
7.4300000e+03 7.4400000e+03 9.8360563e-01
7.4400000e+03 7.4500000e+03 8.7420235e-01
7.4500000e+03 7.4600000e+03 9.8337217e-01
7.4600000e+03 7.4700000e+03 9.5534890e-01
7.4700000e+03 7.4800000e+03 9.9643285e-01
7.4800000e+03 7.4900000e+03 9.9631082e-01
7.4900000e+03 7.5000000e+03 8.4674150e-01
7.5000000e+03 7.5100000e+03 9.9890561e-01
7.5100000e+03 7.5200000e+03 7.8045530e-01
7.5200000e+03 7.5300000e+03 9.3734113e-01
7.5300000e+03 7.5400000e+03 9.8735979e-01
7.5400000e+03 7.5500000e+03 9.9878135e-01
7.5500000e+03 7.5600000e+03 9.2905321e-01
7.5600000e+03 7.5700000e+03 9.6958530e-01
7.5700000e+03 7.5800000e+03 9.7519109e-01
7.5800000e+03 7.5900000e+03 9.2859318e-01
7.5900000e+03 7.6000000e+03 9.9100100e-01
7.6000000e+03 7.6100000e+03 9.9767056e-01
7.6100000e+03 7.6200000e+03 8.5534967e-01
7.6200000e+03 7.6300000e+03 9.7137451e-01
7.6300000e+03 7.6400000e+03 9.9745608e-01
7.6400000e+03 7.6500000e+03 9.9943132e-01
7.6500000e+03 7.6600000e+03 9.3610647e-01
7.6600000e+03 7.6700000e+03 9.0982222e-01
7.6700000e+03 7.6800000e+03 9.9985054e-01
7.6800000e+03 7.6900000e+03 9.8739081e-01
7.6900000e+03 7.7000000e+03 9.7839423e-01
7.7000000e+03 7.7100000e+03 9.9992829e-01
7.7100000e+03 7.7200000e+03 9.5072792e-01
7.7200000e+03 7.7300000e+03 9.5109309e-01
7.7300000e+03 7.7400000e+03 9.9972249e-01
7.7400000e+03 7.7500000e+03 8.7427240e-01
7.7500000e+03 7.7600000e+03 9.7948286e-01
7.7600000e+03 7.7700000e+03 9.9970379e-01
7.7700000e+03 7.7800000e+03 9.6697316e-01
7.7800000e+03 7.7900000e+03 9.7729308e-01
7.7900000e+03 7.8000000e+03 9.6059718e-01
7.8000000e+03 7.8100000e+03 9.9005355e-01
7.8100000e+03 7.8200000e+03 9.9565716e-01
7.8200000e+03 7.8300000e+03 9.8579974e-01
7.8300000e+03 7.8400000e+03 8.6926925e-01
7.8400000e+03 7.8500000e+03 9.8163111e-01
7.8500000e+03 7.8600000e+03 8.8976236e-01
7.8600000e+03 7.8700000e+03 9.8596228e-01
7.8700000e+03 7.8800000e+03 9.9851520e-01
7.8800000e+03 7.8900000e+03 9.9859118e-01
7.8900000e+03 7.9000000e+03 9.9790110e-01
7.9000000e+03 7.9100000e+03 9.9790455e-01
7.9100000e+03 7.9200000e+03 9.7040777e-01
7.9200000e+03 7.9300000e+03 9.9416978e-01
7.9300000e+03 7.9400000e+03 8.0279700e-01
7.9400000e+03 7.9500000e+03 7.9487126e-01
7.9500000e+03 7.9600000e+03 9.7431666e-01
7.9600000e+03 7.9700000e+03 9.9864414e-01
7.9700000e+03 7.9800000e+03 9.9733089e-01
7.9800000e+03 7.9900000e+03 9.9865336e-01
7.9900000e+03 8.0000000e+03 8.4856634e-01
8.0000000e+03 8.0100000e+03 9.9913180e-01
8.0100000e+03 8.0200000e+03 9.9913032e-01
8.0200000e+03 8.0300000e+03 9.8115275e-01
8.0300000e+03 8.0400000e+03 9.9317347e-01
8.0400000e+03 8.0500000e+03 8.7503088e-01
8.0500000e+03 8.0600000e+03 9.8344922e-01
8.0600000e+03 8.0700000e+03 9.9903779e-01
8.0700000e+03 8.0800000e+03 9.9682883e-01
8.0800000e+03 8.0900000e+03 9.2436529e-01
8.0900000e+03 8.1000000e+03 9.6157528e-01
8.1000000e+03 8.1100000e+03 9.9985178e-01
8.1100000e+03 8.1200000e+03 9.9980355e-01
8.1200000e+03 8.1300000e+03 9.9930797e-01
8.1300000e+03 8.1400000e+03 9.9989881e-01
8.1400000e+03 8.1500000e+03 9.9983426e-01
8.1500000e+03 8.1600000e+03 9.9928115e-01
8.1600000e+03 8.1700000e+03 9.9443835e-01
8.1700000e+03 8.1800000e+03 9.9795072e-01
8.1800000e+03 8.1900000e+03 9.9479272e-01
8.1900000e+03 8.2000000e+03 9.7078098e-01
8.2000000e+03 8.2100000e+03 9.8376136e-01
8.2100000e+03 8.2200000e+03 9.5462250e-01
8.2200000e+03 8.2300000e+03 7.6741129e-01
8.2300000e+03 8.2400000e+03 9.3741564e-01
8.2400000e+03 8.2500000e+03 9.6835971e-01
8.2500000e+03 8.2600000e+03 9.9417737e-01
8.2600000e+03 8.2700000e+03 9.9828287e-01
8.2700000e+03 8.2800000e+03 9.9915901e-01
8.2800000e+03 8.2900000e+03 9.9955392e-01
8.2900000e+03 8.3000000e+03 9.9002636e-01
8.3000000e+03 8.3100000e+03 9.7540646e-01
8.3100000e+03 8.3200000e+03 9.8381474e-01
8.3200000e+03 8.3300000e+03 6.0733067e-01
8.3300000e+03 8.3400000e+03 9.1191714e-01
8.3400000e+03 8.3500000e+03 9.7355309e-01
8.3500000e+03 8.3600000e+03 9.9441997e-01
8.3600000e+03 8.3700000e+03 9.8413388e-01
8.3700000e+03 8.3800000e+03 9.9881231e-01
8.3800000e+03 8.3900000e+03 6.0800066e-01
8.3900000e+03 8.4000000e+03 9.5265412e-01
8.4000000e+03 8.4100000e+03 9.9740899e-01
8.4100000e+03 8.4200000e+03 9.7945757e-01
8.4200000e+03 8.4300000e+03 9.8875314e-01
8.4300000e+03 8.4400000e+03 9.6281216e-01
8.4400000e+03 8.4500000e+03 9.8389053e-01
8.4500000e+03 8.4600000e+03 9.9574389e-01
8.4600000e+03 8.4700000e+03 7.6752967e-01
8.4700000e+03 8.4800000e+03 9.6870175e-01
8.4800000e+03 8.4900000e+03 9.9612470e-01
8.4900000e+03 8.5000000e+03 5.3690173e-01
8.5000000e+03 8.5100000e+03 9.3788061e-01
8.5100000e+03 8.5200000e+03 7.6893495e-01
8.5200000e+03 8.5300000e+03 9.4897768e-01
8.5300000e+03 8.5400000e+03 9.9328816e-01
8.5400000e+03 8.5500000e+03 6.2165560e-01
8.5500000e+03 8.5600000e+03 9.7503773e-01
8.5600000e+03 8.5700000e+03 9.9629053e-01
8.5700000e+03 8.5800000e+03 9.9969758e-01
8.5800000e+03 8.5900000e+03 9.5462355e-01
8.5900000e+03 8.6000000e+03 9.9141595e-01
8.6000000e+03 8.6100000e+03 9.9697067e-01
8.6100000e+03 8.6200000e+03 9.1686978e-01
8.6200000e+03 8.6300000e+03 9.5693001e-01
8.6300000e+03 8.6400000e+03 9.9363410e-01
8.6400000e+03 8.6500000e+03 9.8183996e-01
8.6500000e+03 8.6600000e+03 9.9531862e-01
8.6600000e+03 8.6700000e+03 5.3352434e-01
8.6700000e+03 8.6800000e+03 7.8533161e-01
8.6800000e+03 8.6900000e+03 5.6004572e-01
8.6900000e+03 8.7000000e+03 9.3005300e-01
8.7000000e+03 8.7100000e+03 9.9914817e-01
8.7100000e+03 8.7200000e+03 9.7676146e-01
8.7200000e+03 8.7300000e+03 9.8662093e-01
8.7300000e+03 8.7400000e+03 9.5527508e-01
8.7400000e+03 8.7500000e+03 9.7998298e-01
8.7500000e+03 8.7600000e+03 8.8868795e-01
8.7600000e+03 8.7700000e+03 9.8489197e-01
8.7700000e+03 8.7800000e+03 9.7525085e-01
8.7800000e+03 8.7900000e+03 9.9918231e-01
8.7900000e+03 8.8000000e+03 9.3215669e-01
8.8000000e+03 8.8100000e+03 6.0344078e-01
8.8100000e+03 8.8200000e+03 9.9579993e-01
8.8200000e+03 8.8300000e+03 6.2876090e-01
8.8300000e+03 8.8400000e+03 8.5193114e-01
8.8400000e+03 8.8500000e+03 9.7915788e-01
8.8500000e+03 8.8600000e+03 9.9985300e-01
8.8600000e+03 8.8700000e+03 8.8034969e-01
8.8700000e+03 8.8800000e+03 9.8079594e-01
8.8800000e+03 8.8900000e+03 9.9845864e-01
8.8900000e+03 8.9000000e+03 9.9000726e-01
8.9000000e+03 8.9100000e+03 9.9742576e-01
8.9100000e+03 8.9200000e+03 9.6771015e-01
8.9200000e+03 8.9300000e+03 9.4537669e-01
8.9300000e+03 8.9400000e+03 9.9946057e-01
8.9400000e+03 8.9500000e+03 9.5071947e-01
8.9500000e+03 8.9600000e+03 9.9083392e-01
8.9600000e+03 8.9700000e+03 9.9315678e-01
8.9700000e+03 8.9800000e+03 9.8813695e-01
8.9800000e+03 8.9900000e+03 9.9602298e-01
8.9900000e+03 9.0000000e+03 1.0000000e+00
