1.2000000e+03 1.3000000e+03 2.3775243e-01
1.3000000e+03 1.4000000e+03 7.8114151e-01
1.4000000e+03 1.5000000e+03 5.8217587e-01
1.5000000e+03 1.6000000e+03 8.9650560e-01
1.6000000e+03 1.7000000e+03 7.9694271e-01
1.7000000e+03 1.8000000e+03 7.6585900e-01
1.8000000e+03 1.9000000e+03 3.0376404e-01
1.9000000e+03 2.0000000e+03 1.9500022e-01
2.0000000e+03 2.1000000e+03 1.8010306e-01
2.1000000e+03 2.2000000e+03 1.4675780e-01
2.2000000e+03 2.3000000e+03 5.0254980e-02
2.3000000e+03 2.4000000e+03 7.1739677e-02
2.4000000e+03 2.5000000e+03 1.4188508e-01
2.5000000e+03 2.6000000e+03 1.5687771e-01
2.6000000e+03 2.7000000e+03 2.2178915e-01
2.7000000e+03 2.8000000e+03 1.0692789e-01
2.8000000e+03 2.9000000e+03 1.8878087e-01
2.9000000e+03 3.0000000e+03 1.8086176e-01
3.0000000e+03 3.1000000e+03 1.0876841e-01
3.1000000e+03 3.2000000e+03 1.2140766e-01
3.2000000e+03 3.3000000e+03 1.3846304e-01
3.3000000e+03 3.4000000e+03 1.4271086e-01
3.4000000e+03 3.5000000e+03 1.5173385e-01
3.5000000e+03 3.6000000e+03 1.6172214e-01
3.6000000e+03 3.7000000e+03 1.7712579e-01
3.7000000e+03 3.8000000e+03 1.7657405e-01
3.8000000e+03 3.9000000e+03 1.8943144e-01
3.9000000e+03 4.0000000e+03 2.3060187e-01
4.0000000e+03 4.1000000e+03 2.1319295e-01
4.1000000e+03 4.2000000e+03 1.7438045e-01
4.2000000e+03 4.3000000e+03 2.3094701e-01
4.3000000e+03 4.4000000e+03 2.0027594e-01
4.4000000e+03 4.5000000e+03 2.1247839e-01
4.5000000e+03 4.6000000e+03 2.3154318e-01
4.6000000e+03 4.7000000e+03 4.7116253e-01
4.7000000e+03 4.8000000e+03 6.1975527e-01
4.8000000e+03 4.9000000e+03 7.0826732e-01
4.9000000e+03 5.0000000e+03 5.0802713e-01
5.0000000e+03 5.1000000e+03 3.8118039e-01
5.1000000e+03 5.2000000e+03 4.7644400e-01
5.2000000e+03 5.3000000e+03 2.8120442e-01
5.3000000e+03 5.4000000e+03 3.1055622e-01
5.4000000e+03 5.5000000e+03 3.4210393e-01
5.5000000e+03 5.6000000e+03 3.5989666e-01
5.6000000e+03 5.7000000e+03 6.2904139e-01
5.7000000e+03 5.8000000e+03 7.6027372e-01
5.8000000e+03 5.9000000e+03 9.1482770e-01
5.9000000e+03 6.0000000e+03 3.6544118e-01
6.0000000e+03 6.1000000e+03 9.4998472e-01
6.1000000e+03 6.2000000e+03 9.3913703e-01
6.2000000e+03 6.3000000e+03 6.8388852e-01
6.3000000e+03 6.4000000e+03 8.5705095e-01
6.4000000e+03 6.5000000e+03 8.8092842e-01
6.5000000e+03 6.6000000e+03 7.0243292e-01
6.6000000e+03 6.7000000e+03 9.5454993e-01
6.7000000e+03 6.8000000e+03 9.5489775e-01
6.8000000e+03 6.9000000e+03 9.7972987e-01
6.9000000e+03 7.0000000e+03 9.7856668e-01
7.0000000e+03 7.1000000e+03 9.8500378e-01
7.1000000e+03 7.2000000e+03 9.8795364e-01
7.2000000e+03 7.3000000e+03 9.0493623e-01
7.3000000e+03 7.4000000e+03 9.5456074e-01
7.4000000e+03 7.5000000e+03 9.5822912e-01
7.5000000e+03 7.6000000e+03 9.2046020e-01
7.6000000e+03 7.7000000e+03 9.3798329e-01
7.7000000e+03 7.8000000e+03 9.5792518e-01
7.8000000e+03 7.9000000e+03 9.5906474e-01
7.9000000e+03 8.0000000e+03 9.6547894e-01
8.0000000e+03 8.1000000e+03 9.1619219e-01
8.1000000e+03 8.2000000e+03 9.6832165e-01
8.2000000e+03 8.3000000e+03 9.9446570e-01
8.3000000e+03 8.4000000e+03 9.4378542e-01
8.4000000e+03 8.5000000e+03 7.7533024e-01
8.5000000e+03 8.6000000e+03 5.0638175e-01
8.6000000e+03 8.7000000e+03 4.4462376e-01
8.7000000e+03 8.8000000e+03 4.5576248e-01
8.8000000e+03 8.9000000e+03 9.6212196e-01
8.9000000e+03 9.0000000e+03 7.2106956e-01
9.0000000e+03 9.1000000e+03 9.1542938e-01
