9.0000000e+02 9.1000000e+02 0.0000000e+00
9.1000000e+02 9.2000000e+02 1.0058880e+00
9.2000000e+02 9.3000000e+02 9.8419675e-01
9.3000000e+02 9.4000000e+02 9.8779124e-01
9.4000000e+02 9.5000000e+02 9.8433687e-01
9.5000000e+02 9.6000000e+02 9.8390513e-01
9.6000000e+02 9.7000000e+02 9.8765507e-01
9.7000000e+02 9.8000000e+02 9.9186938e-01
9.8000000e+02 9.9000000e+02 9.9181968e-01
9.9000000e+02 1.0000000e+03 9.8061635e-01
1.0000000e+03 1.0100000e+03 9.9139858e-01
1.0100000e+03 1.0200000e+03 9.9454215e-01
1.0200000e+03 1.0300000e+03 9.8783849e-01
1.0300000e+03 1.0400000e+03 9.9420560e-01
1.0400000e+03 1.0500000e+03 9.9075185e-01
1.0500000e+03 1.0600000e+03 9.9331017e-01
1.0600000e+03 1.0700000e+03 9.9286546e-01
1.0700000e+03 1.0800000e+03 9.9344816e-01
1.0800000e+03 1.0900000e+03 9.9111320e-01
1.0900000e+03 1.1000000e+03 9.9303528e-01
1.1000000e+03 1.1100000e+03 1.0575534e+00
1.1100000e+03 1.1200000e+03 9.9226514e-01
1.1200000e+03 1.1300000e+03 9.8870982e-01
1.1300000e+03 1.1400000e+03 9.8604715e-01
1.1400000e+03 1.1500000e+03 9.6363239e-01
1.1500000e+03 1.1600000e+03 1.0105418e+00
1.1600000e+03 1.1700000e+03 9.9103148e-01
1.1700000e+03 1.1800000e+03 9.9426942e-01
1.1800000e+03 1.1900000e+03 9.9040629e-01
1.1900000e+03 1.2000000e+03 9.9102534e-01
1.2000000e+03 1.2100000e+03 9.9645467e-01
1.2100000e+03 1.2200000e+03 9.9573638e-01
1.2200000e+03 1.2300000e+03 9.9562020e-01
1.2300000e+03 1.2400000e+03 9.9402388e-01
1.2400000e+03 1.2500000e+03 1.0297540e+00
1.2500000e+03 1.2600000e+03 9.8487201e-01
1.2600000e+03 1.2700000e+03 9.6443037e-01
1.2700000e+03 1.2800000e+03 9.7625656e-01
1.2800000e+03 1.2900000e+03 9.9301155e-01
1.2900000e+03 1.3000000e+03 9.8921266e-01
1.3000000e+03 1.3100000e+03 9.8530243e-01
1.3100000e+03 1.3200000e+03 9.8366938e-01
1.3200000e+03 1.3300000e+03 9.8932692e-01
1.3300000e+03 1.3400000e+03 9.8106274e-01
1.3400000e+03 1.3500000e+03 9.9775626e-01
1.3500000e+03 1.3600000e+03 9.9010407e-01
1.3600000e+03 1.3700000e+03 9.9513225e-01
1.3700000e+03 1.3800000e+03 9.9138671e-01
1.3800000e+03 1.3900000e+03 9.9051291e-01
1.3900000e+03 1.4000000e+03 9.9193764e-01
1.4000000e+03 1.4100000e+03 9.9391270e-01
1.4100000e+03 1.4200000e+03 9.9162066e-01
1.4200000e+03 1.4300000e+03 9.9164590e-01
1.4300000e+03 1.4400000e+03 9.8812449e-01
1.4400000e+03 1.4500000e+03 9.9674349e-01
1.4500000e+03 1.4600000e+03 9.9408934e-01
1.4600000e+03 1.4700000e+03 9.9131467e-01
1.4700000e+03 1.4800000e+03 9.9227128e-01
1.4800000e+03 1.4900000e+03 9.9187880e-01
1.4900000e+03 1.5000000e+03 9.9179982e-01
1.5000000e+03 1.5100000e+03 9.9407688e-01
1.5100000e+03 1.5200000e+03 9.9346916e-01
1.5200000e+03 1.5300000e+03 1.0391488e+00
1.5300000e+03 1.5400000e+03 9.8613865e-01
1.5400000e+03 1.5500000e+03 9.8804503e-01
1.5500000e+03 1.5600000e+03 9.8969609e-01
1.5600000e+03 1.5700000e+03 9.8114795e-01
1.5700000e+03 1.5800000e+03 9.9126076e-01
1.5800000e+03 1.5900000e+03 9.8985751e-01
1.5900000e+03 1.6000000e+03 9.9160892e-01
1.6000000e+03 1.6100000e+03 9.9779668e-01
1.6100000e+03 1.6200000e+03 9.9607380e-01
1.6200000e+03 1.6300000e+03 9.9165556e-01
1.6300000e+03 1.6400000e+03 9.9379567e-01
1.6400000e+03 1.6500000e+03 9.9401823e-01
1.6500000e+03 1.6600000e+03 9.8093451e-01
1.6600000e+03 1.6700000e+03 9.9676017e-01
1.6700000e+03 1.6800000e+03 9.8872957e-01
1.6800000e+03 1.6900000e+03 9.6099299e-01
1.6900000e+03 1.7000000e+03 9.9721343e-01
1.7000000e+03 1.7100000e+03 1.0108091e+00
1.7100000e+03 1.7200000e+03 9.8975585e-01
1.7200000e+03 1.7300000e+03 9.9539564e-01
1.7300000e+03 1.7400000e+03 9.9784260e-01
1.7400000e+03 1.7500000e+03 9.9840602e-01
1.7500000e+03 1.7600000e+03 1.0013781e+00
1.7600000e+03 1.7700000e+03 9.9345674e-01
1.7700000e+03 1.7800000e+03 1.0204920e+00
1.7800000e+03 1.7900000e+03 9.8783627e-01
1.7900000e+03 1.8000000e+03 9.8958670e-01
1.8000000e+03 1.8100000e+03 9.9852889e-01
1.8100000e+03 1.8200000e+03 9.9465200e-01
1.8200000e+03 1.8300000e+03 9.9901397e-01
1.8300000e+03 1.8400000e+03 9.9693809e-01
1.8400000e+03 1.8500000e+03 9.9840212e-01
1.8500000e+03 1.8600000e+03 1.0010648e+00
1.8600000e+03 1.8700000e+03 1.0114939e+00
1.8700000e+03 1.8800000e+03 9.9319880e-01
1.8800000e+03 1.8900000e+03 9.5842770e-01
1.8900000e+03 1.9000000e+03 9.9861327e-01
1.9000000e+03 1.9100000e+03 1.0022707e+00
1.9100000e+03 1.9200000e+03 9.9556184e-01
1.9200000e+03 1.9300000e+03 9.9679052e-01
1.9300000e+03 1.9400000e+03 9.6967827e-01
1.9400000e+03 1.9500000e+03 9.9583434e-01
1.9500000e+03 1.9600000e+03 9.9691045e-01
1.9600000e+03 1.9700000e+03 9.9637684e-01
1.9700000e+03 1.9800000e+03 9.9739485e-01
1.9800000e+03 1.9900000e+03 9.9631772e-01
1.9900000e+03 2.0000000e+03 9.8929359e-01
2.0000000e+03 2.0100000e+03 9.9644782e-01
2.0100000e+03 2.0200000e+03 9.9874531e-01
2.0200000e+03 2.0300000e+03 9.9609865e-01
2.0300000e+03 2.0400000e+03 9.9788450e-01
2.0400000e+03 2.0500000e+03 9.9663364e-01
2.0500000e+03 2.0600000e+03 1.0005437e+00
2.0600000e+03 2.0700000e+03 9.9699485e-01
2.0700000e+03 2.0800000e+03 9.5438884e-01
2.0800000e+03 2.0900000e+03 1.0107606e+00
2.0900000e+03 2.1000000e+03 9.8378853e-01
2.1000000e+03 2.1100000e+03 1.0067227e+00
2.1100000e+03 2.1200000e+03 9.8737199e-01
2.1200000e+03 2.1300000e+03 1.0063912e+00
2.1300000e+03 2.1400000e+03 1.0078743e+00
2.1400000e+03 2.1500000e+03 1.0081556e+00
2.1500000e+03 2.1600000e+03 1.0140808e+00
2.1600000e+03 2.1700000e+03 9.9604571e-01
2.1700000e+03 2.1800000e+03 1.0055464e+00
2.1800000e+03 2.1900000e+03 1.0018005e+00
2.1900000e+03 2.2000000e+03 9.9071610e-01
2.2000000e+03 2.2100000e+03 1.0054139e+00
2.2100000e+03 2.2200000e+03 1.0028799e+00
2.2200000e+03 2.2300000e+03 1.0147598e+00
2.2300000e+03 2.2400000e+03 1.0201179e+00
2.2400000e+03 2.2500000e+03 9.9660532e-01
2.2500000e+03 2.2600000e+03 9.8379020e-01
2.2600000e+03 2.2700000e+03 1.0010515e+00
2.2700000e+03 2.2800000e+03 1.0024186e+00
2.2800000e+03 2.2900000e+03 1.0019141e+00
2.2900000e+03 2.3000000e+03 1.0042985e+00
2.3000000e+03 2.3100000e+03 1.0013929e+00
2.3100000e+03 2.3200000e+03 1.0031717e+00
2.3200000e+03 2.3300000e+03 1.0000970e+00
2.3300000e+03 2.3400000e+03 1.0012022e+00
2.3400000e+03 2.3500000e+03 1.0018271e+00
2.3500000e+03 2.3600000e+03 1.0037776e+00
2.3600000e+03 2.3700000e+03 1.0023520e+00
2.3700000e+03 2.3800000e+03 1.0023483e+00
2.3800000e+03 2.3900000e+03 9.9899345e-01
2.3900000e+03 2.4000000e+03 1.0024824e+00
2.4000000e+03 2.4100000e+03 1.0025439e+00
2.4100000e+03 2.4200000e+03 1.0033582e+00
2.4200000e+03 2.4300000e+03 1.0078658e+00
2.4300000e+03 2.4400000e+03 1.0062314e+00
2.4400000e+03 2.4500000e+03 1.0016821e+00
2.4500000e+03 2.4600000e+03 1.0013072e+00
2.4600000e+03 2.4700000e+03 1.0017470e+00
2.4700000e+03 2.4800000e+03 1.0029248e+00
2.4800000e+03 2.4900000e+03 1.0005798e+00
2.4900000e+03 2.5000000e+03 1.0019308e+00
2.5000000e+03 2.5100000e+03 1.0015115e+00
2.5100000e+03 2.5200000e+03 1.0007521e+00
2.5200000e+03 2.5300000e+03 1.0021759e+00
2.5300000e+03 2.5400000e+03 1.0012159e+00
2.5400000e+03 2.5500000e+03 1.0034439e+00
2.5500000e+03 2.5600000e+03 1.0059849e+00
2.5600000e+03 2.5700000e+03 1.0038065e+00
2.5700000e+03 2.5800000e+03 1.0090294e+00
2.5800000e+03 2.5900000e+03 1.0058245e+00
2.5900000e+03 2.6000000e+03 1.0003020e+00
2.6000000e+03 2.6100000e+03 1.0022207e+00
2.6100000e+03 2.6200000e+03 1.0017615e+00
2.6200000e+03 2.6300000e+03 1.0015386e+00
2.6300000e+03 2.6400000e+03 1.0035642e+00
2.6400000e+03 2.6500000e+03 1.0098098e+00
2.6500000e+03 2.6600000e+03 1.0051718e+00
2.6600000e+03 2.6700000e+03 1.0114929e+00
2.6700000e+03 2.6800000e+03 1.0106084e+00
2.6800000e+03 2.6900000e+03 1.0091326e+00
2.6900000e+03 2.7000000e+03 1.0093333e+00
2.7000000e+03 2.7100000e+03 1.0089416e+00
2.7100000e+03 2.7200000e+03 1.0079746e+00
2.7200000e+03 2.7300000e+03 1.0070268e+00
2.7300000e+03 2.7400000e+03 1.0013940e+00
2.7400000e+03 2.7500000e+03 1.0007625e+00
2.7500000e+03 2.7600000e+03 1.0039991e+00
2.7600000e+03 2.7700000e+03 1.0077064e+00
2.7700000e+03 2.7800000e+03 1.0080166e+00
2.7800000e+03 2.7900000e+03 1.0023291e+00
2.7900000e+03 2.8000000e+03 9.9668168e-01
2.8000000e+03 2.8100000e+03 9.9789158e-01
2.8100000e+03 2.8200000e+03 1.0023006e+00
2.8200000e+03 2.8300000e+03 1.0036431e+00
2.8300000e+03 2.8400000e+03 1.0118858e+00
2.8400000e+03 2.8500000e+03 1.0068489e+00
2.8500000e+03 2.8600000e+03 9.9051069e-01
2.8600000e+03 2.8700000e+03 1.0163262e+00
2.8700000e+03 2.8800000e+03 1.0100514e+00
2.8800000e+03 2.8900000e+03 1.0143068e+00
2.8900000e+03 2.9000000e+03 1.0015532e+00
2.9000000e+03 2.9100000e+03 9.9727812e-01
2.9100000e+03 2.9200000e+03 1.0045001e+00
2.9200000e+03 2.9300000e+03 1.0110844e+00
2.9300000e+03 2.9400000e+03 1.0036490e+00
2.9400000e+03 2.9500000e+03 1.0066130e+00
2.9500000e+03 2.9600000e+03 1.0064251e+00
2.9600000e+03 2.9700000e+03 1.0075382e+00
2.9700000e+03 2.9800000e+03 1.0036659e+00
2.9800000e+03 2.9900000e+03 1.0052394e+00
2.9900000e+03 3.0000000e+03 1.0018032e+00
3.0000000e+03 3.0100000e+03 9.9867805e-01
3.0100000e+03 3.0200000e+03 1.0018420e+00
3.0200000e+03 3.0300000e+03 9.9851731e-01
3.0300000e+03 3.0400000e+03 1.0069791e+00
3.0400000e+03 3.0500000e+03 1.0049776e+00
3.0500000e+03 3.0600000e+03 1.0061438e+00
3.0600000e+03 3.0700000e+03 1.0048941e+00
3.0700000e+03 3.0800000e+03 1.0055551e+00
3.0800000e+03 3.0900000e+03 1.0030484e+00
3.0900000e+03 3.1000000e+03 1.0040162e+00
3.1000000e+03 3.1100000e+03 1.0040897e+00
3.1100000e+03 3.1200000e+03 1.0073121e+00
3.1200000e+03 3.1300000e+03 1.0063386e+00
3.1300000e+03 3.1400000e+03 1.0080059e+00
3.1400000e+03 3.1500000e+03 1.0061996e+00
3.1500000e+03 3.1600000e+03 1.0050604e+00
3.1600000e+03 3.1700000e+03 1.0097921e+00
3.1700000e+03 3.1800000e+03 1.0075643e+00
3.1800000e+03 3.1900000e+03 1.0068158e+00
3.1900000e+03 3.2000000e+03 1.0045425e+00
3.2000000e+03 3.2100000e+03 1.0077656e+00
3.2100000e+03 3.2200000e+03 1.0018287e+00
3.2200000e+03 3.2300000e+03 1.0065486e+00
3.2300000e+03 3.2400000e+03 1.0049662e+00
3.2400000e+03 3.2500000e+03 1.0046136e+00
3.2500000e+03 3.2600000e+03 1.0031102e+00
3.2600000e+03 3.2700000e+03 1.0054609e+00
3.2700000e+03 3.2800000e+03 1.0048831e+00
3.2800000e+03 3.2900000e+03 1.0060311e+00
3.2900000e+03 3.3000000e+03 1.0032802e+00
3.3000000e+03 3.3100000e+03 1.0035931e+00
3.3100000e+03 3.3200000e+03 1.0037450e+00
3.3200000e+03 3.3300000e+03 1.0032965e+00
3.3300000e+03 3.3400000e+03 1.0059052e+00
3.3400000e+03 3.3500000e+03 1.0024496e+00
3.3500000e+03 3.3600000e+03 1.0056895e+00
3.3600000e+03 3.3700000e+03 1.0024676e+00
3.3700000e+03 3.3800000e+03 1.0029438e+00
3.3800000e+03 3.3900000e+03 1.0024229e+00
3.3900000e+03 3.4000000e+03 1.0033717e+00
3.4000000e+03 3.4100000e+03 1.0028862e+00
3.4100000e+03 3.4200000e+03 1.0028049e+00
3.4200000e+03 3.4300000e+03 1.0033861e+00
3.4300000e+03 3.4400000e+03 1.0022413e+00
3.4400000e+03 3.4500000e+03 1.0010226e+00
3.4500000e+03 3.4600000e+03 1.0017145e+00
3.4600000e+03 3.4700000e+03 1.0035474e+00
3.4700000e+03 3.4800000e+03 1.0028109e+00
3.4800000e+03 3.4900000e+03 1.0008296e+00
3.4900000e+03 3.5000000e+03 1.0022278e+00
3.5000000e+03 3.5100000e+03 1.0008418e+00
3.5100000e+03 3.5200000e+03 9.9862719e-01
3.5200000e+03 3.5300000e+03 1.0001021e+00
3.5300000e+03 3.5400000e+03 1.0019630e+00
3.5400000e+03 3.5500000e+03 9.9960435e-01
3.5500000e+03 3.5600000e+03 1.0014362e+00
3.5600000e+03 3.5700000e+03 1.0011864e+00
3.5700000e+03 3.5800000e+03 1.0051141e+00
3.5800000e+03 3.5900000e+03 1.0028927e+00
3.5900000e+03 3.6000000e+03 1.0016201e+00
3.6000000e+03 3.6100000e+03 1.0023482e+00
3.6100000e+03 3.6200000e+03 1.0031223e+00
3.6200000e+03 3.6300000e+03 1.0011702e+00
3.6300000e+03 3.6400000e+03 1.0029044e+00
3.6400000e+03 3.6500000e+03 9.7975995e-01
3.6500000e+03 3.6600000e+03 1.0009516e+00
3.6600000e+03 3.6700000e+03 1.0053742e+00
3.6700000e+03 3.6800000e+03 1.0021140e+00
3.6800000e+03 3.6900000e+03 1.0026266e+00
3.6900000e+03 3.7000000e+03 1.0027919e+00
3.7000000e+03 3.7100000e+03 1.0055134e+00
3.7100000e+03 3.7200000e+03 1.0004402e+00
3.7200000e+03 3.7300000e+03 1.0022990e+00
3.7300000e+03 3.7400000e+03 1.0002425e+00
3.7400000e+03 3.7500000e+03 9.9958259e-01
3.7500000e+03 3.7600000e+03 1.0014401e+00
3.7600000e+03 3.7700000e+03 1.0033403e+00
3.7700000e+03 3.7800000e+03 1.0020514e+00
3.7800000e+03 3.7900000e+03 1.0045592e+00
3.7900000e+03 3.8000000e+03 1.0070603e+00
3.8000000e+03 3.8100000e+03 1.0074168e+00
3.8100000e+03 3.8200000e+03 1.0090854e+00
3.8200000e+03 3.8300000e+03 1.0104371e+00
3.8300000e+03 3.8400000e+03 1.0155591e+00
3.8400000e+03 3.8500000e+03 1.0150541e+00
3.8500000e+03 3.8600000e+03 1.0137576e+00
3.8600000e+03 3.8700000e+03 1.0150803e+00
3.8700000e+03 3.8800000e+03 1.0191155e+00
3.8800000e+03 3.8900000e+03 1.0169578e+00
3.8900000e+03 3.9000000e+03 1.0009746e+00
3.9000000e+03 3.9100000e+03 1.0072575e+00
3.9100000e+03 3.9200000e+03 1.0011612e+00
3.9200000e+03 3.9300000e+03 1.0040394e+00
3.9300000e+03 3.9400000e+03 9.9312954e-01
3.9400000e+03 3.9500000e+03 9.9898338e-01
3.9500000e+03 3.9600000e+03 9.9943896e-01
3.9600000e+03 3.9700000e+03 9.9755296e-01
3.9700000e+03 3.9800000e+03 1.0003392e+00
3.9800000e+03 3.9900000e+03 9.9962958e-01
3.9900000e+03 4.0000000e+03 1.0005964e+00
4.0000000e+03 4.0100000e+03 1.0002450e+00
4.0100000e+03 4.0200000e+03 1.0006488e+00
4.0200000e+03 4.0300000e+03 1.0003873e+00
4.0300000e+03 4.0400000e+03 9.9974454e-01
4.0400000e+03 4.0500000e+03 1.0003497e+00
4.0500000e+03 4.0600000e+03 1.0000924e+00
4.0600000e+03 4.0700000e+03 9.9809952e-01
4.0700000e+03 4.0800000e+03 1.0008932e+00
4.0800000e+03 4.0900000e+03 9.9768272e-01
4.0900000e+03 4.1000000e+03 1.0000542e+00
4.1000000e+03 4.1100000e+03 9.9875849e-01
4.1100000e+03 4.1200000e+03 9.9832606e-01
4.1200000e+03 4.1300000e+03 9.9851260e-01
4.1300000e+03 4.1400000e+03 9.9985173e-01
4.1400000e+03 4.1500000e+03 9.9908027e-01
4.1500000e+03 4.1600000e+03 9.9823398e-01
4.1600000e+03 4.1700000e+03 1.0003555e+00
4.1700000e+03 4.1800000e+03 9.9721839e-01
4.1800000e+03 4.1900000e+03 9.9923236e-01
4.1900000e+03 4.2000000e+03 1.0029732e+00
4.2000000e+03 4.2100000e+03 1.0003105e+00
4.2100000e+03 4.2200000e+03 1.0007267e+00
4.2200000e+03 4.2300000e+03 9.9859828e-01
4.2300000e+03 4.2400000e+03 9.9992661e-01
4.2400000e+03 4.2500000e+03 9.9956436e-01
4.2500000e+03 4.2600000e+03 9.9963398e-01
4.2600000e+03 4.2700000e+03 1.0028328e+00
4.2700000e+03 4.2800000e+03 1.0002326e+00
4.2800000e+03 4.2900000e+03 1.0005306e+00
4.2900000e+03 4.3000000e+03 1.0018610e+00
4.3000000e+03 4.3100000e+03 1.0014612e+00
4.3100000e+03 4.3200000e+03 9.9992567e-01
4.3200000e+03 4.3300000e+03 9.9846418e-01
4.3300000e+03 4.3400000e+03 9.9813453e-01
4.3400000e+03 4.3500000e+03 9.9878605e-01
4.3500000e+03 4.3600000e+03 9.9735066e-01
4.3600000e+03 4.3700000e+03 9.9792978e-01
4.3700000e+03 4.3800000e+03 9.9884367e-01
4.3800000e+03 4.3900000e+03 9.9860338e-01
4.3900000e+03 4.4000000e+03 9.9932241e-01
4.4000000e+03 4.4100000e+03 9.9527277e-01
4.4100000e+03 4.4200000e+03 1.0010640e+00
4.4200000e+03 4.4300000e+03 1.0012056e+00
4.4300000e+03 4.4400000e+03 1.0018065e+00
4.4400000e+03 4.4500000e+03 9.9771127e-01
4.4500000e+03 4.4600000e+03 9.9811262e-01
4.4600000e+03 4.4700000e+03 9.9612194e-01
4.4700000e+03 4.4800000e+03 9.9726735e-01
4.4800000e+03 4.4900000e+03 1.0010788e+00
4.4900000e+03 4.5000000e+03 9.9749841e-01
4.5000000e+03 4.5100000e+03 9.9768256e-01
4.5100000e+03 4.5200000e+03 9.9862510e-01
4.5200000e+03 4.5300000e+03 9.9858130e-01
4.5300000e+03 4.5400000e+03 9.9555744e-01
4.5400000e+03 4.5500000e+03 9.9876749e-01
4.5500000e+03 4.5600000e+03 9.9857475e-01
4.5600000e+03 4.5700000e+03 9.9876685e-01
4.5700000e+03 4.5800000e+03 9.9903446e-01
4.5800000e+03 4.5900000e+03 9.9849366e-01
4.5900000e+03 4.6000000e+03 9.9806244e-01
4.6000000e+03 4.6100000e+03 9.9868524e-01
4.6100000e+03 4.6200000e+03 9.9773705e-01
4.6200000e+03 4.6300000e+03 9.9838308e-01
4.6300000e+03 4.6400000e+03 9.9977201e-01
4.6400000e+03 4.6500000e+03 9.9818175e-01
4.6500000e+03 4.6600000e+03 9.9869660e-01
4.6600000e+03 4.6700000e+03 9.9922721e-01
4.6700000e+03 4.6800000e+03 9.9799764e-01
4.6800000e+03 4.6900000e+03 9.9898528e-01
4.6900000e+03 4.7000000e+03 1.0023300e+00
4.7000000e+03 4.7100000e+03 1.0011524e+00
4.7100000e+03 4.7200000e+03 1.0013349e+00
4.7200000e+03 4.7300000e+03 9.9829397e-01
4.7300000e+03 4.7400000e+03 9.9919694e-01
4.7400000e+03 4.7500000e+03 9.9839133e-01
4.7500000e+03 4.7600000e+03 9.9837241e-01
4.7600000e+03 4.7700000e+03 9.9841243e-01
4.7700000e+03 4.7800000e+03 9.9875216e-01
4.7800000e+03 4.7900000e+03 9.9741603e-01
4.7900000e+03 4.8000000e+03 9.9945553e-01
4.8000000e+03 4.8100000e+03 9.9911101e-01
4.8100000e+03 4.8200000e+03 9.9986403e-01
4.8200000e+03 4.8300000e+03 9.9834828e-01
4.8300000e+03 4.8400000e+03 9.9947148e-01
4.8400000e+03 4.8500000e+03 9.9896105e-01
4.8500000e+03 4.8600000e+03 9.9834912e-01
4.8600000e+03 4.8700000e+03 9.9916444e-01
4.8700000e+03 4.8800000e+03 9.9651889e-01
4.8800000e+03 4.8900000e+03 9.9832515e-01
4.8900000e+03 4.9000000e+03 9.9599003e-01
4.9000000e+03 4.9100000e+03 9.9748707e-01
4.9100000e+03 4.9200000e+03 9.9689721e-01
4.9200000e+03 4.9300000e+03 9.9698762e-01
4.9300000e+03 4.9400000e+03 9.9570879e-01
4.9400000e+03 4.9500000e+03 9.9853899e-01
4.9500000e+03 4.9600000e+03 9.9639734e-01
4.9600000e+03 4.9700000e+03 9.9823180e-01
4.9700000e+03 4.9800000e+03 9.9818314e-01
4.9800000e+03 4.9900000e+03 9.9528560e-01
4.9900000e+03 5.0000000e+03 9.9876060e-01
5.0000000e+03 5.0100000e+03 9.9683221e-01
5.0100000e+03 5.0200000e+03 9.9722463e-01
5.0200000e+03 5.0300000e+03 9.9805936e-01
5.0300000e+03 5.0400000e+03 9.9702618e-01
5.0400000e+03 5.0500000e+03 9.9572720e-01
5.0500000e+03 5.0600000e+03 9.9862611e-01
5.0600000e+03 5.0700000e+03 9.9817536e-01
5.0700000e+03 5.0800000e+03 9.9806983e-01
5.0800000e+03 5.0900000e+03 9.9875932e-01
5.0900000e+03 5.1000000e+03 9.9829681e-01
5.1000000e+03 5.1100000e+03 9.9795608e-01
5.1100000e+03 5.1200000e+03 9.9427637e-01
5.1200000e+03 5.1300000e+03 9.9701300e-01
5.1300000e+03 5.1400000e+03 9.9641483e-01
5.1400000e+03 5.1500000e+03 9.9692335e-01
5.1500000e+03 5.1600000e+03 9.9848193e-01
5.1600000e+03 5.1700000e+03 9.9486863e-01
5.1700000e+03 5.1800000e+03 9.9500773e-01
5.1800000e+03 5.1900000e+03 9.9565985e-01
5.1900000e+03 5.2000000e+03 9.9692763e-01
5.2000000e+03 5.2100000e+03 9.9343082e-01
5.2100000e+03 5.2200000e+03 9.9655014e-01
5.2200000e+03 5.2300000e+03 9.9767000e-01
5.2300000e+03 5.2400000e+03 9.9679600e-01
5.2400000e+03 5.2500000e+03 9.9861097e-01
5.2500000e+03 5.2600000e+03 1.0011598e+00
5.2600000e+03 5.2700000e+03 9.9719480e-01
5.2700000e+03 5.2800000e+03 9.9616949e-01
5.2800000e+03 5.2900000e+03 9.9725736e-01
5.2900000e+03 5.3000000e+03 9.9721066e-01
5.3000000e+03 5.3100000e+03 9.9685822e-01
5.3100000e+03 5.3200000e+03 9.9883157e-01
5.3200000e+03 5.3300000e+03 9.9746864e-01
5.3300000e+03 5.3400000e+03 9.9867219e-01
5.3400000e+03 5.3500000e+03 9.9659959e-01
5.3500000e+03 5.3600000e+03 9.9799654e-01
5.3600000e+03 5.3700000e+03 9.9785809e-01
5.3700000e+03 5.3800000e+03 9.9593564e-01
5.3800000e+03 5.3900000e+03 9.9783810e-01
5.3900000e+03 5.4000000e+03 9.9624951e-01
5.4000000e+03 5.4100000e+03 9.9592602e-01
5.4100000e+03 5.4200000e+03 9.9748773e-01
5.4200000e+03 5.4300000e+03 9.9672221e-01
5.4300000e+03 5.4400000e+03 9.9798052e-01
5.4400000e+03 5.4500000e+03 9.9512480e-01
5.4500000e+03 5.4600000e+03 9.9341366e-01
5.4600000e+03 5.4700000e+03 9.9712682e-01
5.4700000e+03 5.4800000e+03 9.9831123e-01
5.4800000e+03 5.4900000e+03 9.9849898e-01
5.4900000e+03 5.5000000e+03 9.9775003e-01
5.5000000e+03 5.5100000e+03 9.9488661e-01
5.5100000e+03 5.5200000e+03 9.9864072e-01
5.5200000e+03 5.5300000e+03 9.9699163e-01
5.5300000e+03 5.5400000e+03 9.9872557e-01
5.5400000e+03 5.5500000e+03 9.9873754e-01
5.5500000e+03 5.5600000e+03 9.9839552e-01
5.5600000e+03 5.5700000e+03 9.9815583e-01
5.5700000e+03 5.5800000e+03 9.9635588e-01
5.5800000e+03 5.5900000e+03 9.9744368e-01
5.5900000e+03 5.6000000e+03 9.9778621e-01
5.6000000e+03 5.6100000e+03 9.9685368e-01
5.6100000e+03 5.6200000e+03 9.9594973e-01
5.6200000e+03 5.6300000e+03 9.9843100e-01
5.6300000e+03 5.6400000e+03 9.9837956e-01
5.6400000e+03 5.6500000e+03 9.9922708e-01
5.6500000e+03 5.6600000e+03 9.9791014e-01
5.6600000e+03 5.6700000e+03 9.9832992e-01
5.6700000e+03 5.6800000e+03 9.9825730e-01
5.6800000e+03 5.6900000e+03 9.9834484e-01
5.6900000e+03 5.7000000e+03 9.9862378e-01
5.7000000e+03 5.7100000e+03 9.9900870e-01
5.7100000e+03 5.7200000e+03 9.9729613e-01
5.7200000e+03 5.7300000e+03 9.9923188e-01
5.7300000e+03 5.7400000e+03 9.9898957e-01
5.7400000e+03 5.7500000e+03 9.9927632e-01
5.7500000e+03 5.7600000e+03 9.9889063e-01
5.7600000e+03 5.7700000e+03 9.9833047e-01
5.7700000e+03 5.7800000e+03 9.9901179e-01
5.7800000e+03 5.7900000e+03 9.9899194e-01
5.7900000e+03 5.8000000e+03 9.9794200e-01
5.8000000e+03 5.8100000e+03 9.9926287e-01
5.8100000e+03 5.8200000e+03 9.9845369e-01
5.8200000e+03 5.8300000e+03 9.9949237e-01
5.8300000e+03 5.8400000e+03 9.9953819e-01
5.8400000e+03 5.8500000e+03 9.9896403e-01
5.8500000e+03 5.8600000e+03 9.9843716e-01
5.8600000e+03 5.8700000e+03 9.9659625e-01
5.8700000e+03 5.8800000e+03 9.9956120e-01
5.8800000e+03 5.8900000e+03 9.9814991e-01
5.8900000e+03 5.9000000e+03 9.9614763e-01
5.9000000e+03 5.9100000e+03 9.9842385e-01
5.9100000e+03 5.9200000e+03 9.9666720e-01
5.9200000e+03 5.9300000e+03 9.9905316e-01
5.9300000e+03 5.9400000e+03 9.9675285e-01
5.9400000e+03 5.9500000e+03 9.9854708e-01
5.9500000e+03 5.9600000e+03 9.9892293e-01
5.9600000e+03 5.9700000e+03 9.9912858e-01
5.9700000e+03 5.9800000e+03 9.9791445e-01
5.9800000e+03 5.9900000e+03 9.9736222e-01
5.9900000e+03 6.0000000e+03 9.9915238e-01
6.0000000e+03 6.0100000e+03 9.9864086e-01
6.0100000e+03 6.0200000e+03 9.9844220e-01
6.0200000e+03 6.0300000e+03 9.9754283e-01
6.0300000e+03 6.0400000e+03 9.9964512e-01
6.0400000e+03 6.0500000e+03 9.9989120e-01
6.0500000e+03 6.0600000e+03 9.9890280e-01
6.0600000e+03 6.0700000e+03 9.9842120e-01
6.0700000e+03 6.0800000e+03 9.9801699e-01
6.0800000e+03 6.0900000e+03 9.9978548e-01
6.0900000e+03 6.1000000e+03 9.9957730e-01
6.1000000e+03 6.1100000e+03 9.9878204e-01
6.1100000e+03 6.1200000e+03 9.9823159e-01
6.1200000e+03 6.1300000e+03 9.9809032e-01
6.1300000e+03 6.1400000e+03 9.9635592e-01
6.1400000e+03 6.1500000e+03 9.9798920e-01
6.1500000e+03 6.1600000e+03 9.9827716e-01
6.1600000e+03 6.1700000e+03 9.9699719e-01
6.1700000e+03 6.1800000e+03 9.9804346e-01
6.1800000e+03 6.1900000e+03 9.9892040e-01
6.1900000e+03 6.2000000e+03 9.9461407e-01
6.2000000e+03 6.2100000e+03 9.9785410e-01
6.2100000e+03 6.2200000e+03 9.9824538e-01
6.2200000e+03 6.2300000e+03 9.9943785e-01
6.2300000e+03 6.2400000e+03 9.9859326e-01
6.2400000e+03 6.2500000e+03 9.9973126e-01
6.2500000e+03 6.2600000e+03 9.9763611e-01
6.2600000e+03 6.2700000e+03 9.9864858e-01
6.2700000e+03 6.2800000e+03 9.9765869e-01
6.2800000e+03 6.2900000e+03 9.9783441e-01
6.2900000e+03 6.3000000e+03 9.9845589e-01
6.3000000e+03 6.3100000e+03 9.9803831e-01
6.3100000e+03 6.3200000e+03 9.9776944e-01
6.3200000e+03 6.3300000e+03 9.9745327e-01
6.3300000e+03 6.3400000e+03 9.9690289e-01
6.3400000e+03 6.3500000e+03 9.9862904e-01
6.3500000e+03 6.3600000e+03 9.9846389e-01
6.3600000e+03 6.3700000e+03 9.9969681e-01
6.3700000e+03 6.3800000e+03 1.0000749e+00
6.3800000e+03 6.3900000e+03 9.9938346e-01
6.3900000e+03 6.4000000e+03 9.9563268e-01
6.4000000e+03 6.4100000e+03 9.9563384e-01
6.4100000e+03 6.4200000e+03 9.9808249e-01
6.4200000e+03 6.4300000e+03 9.9789793e-01
6.4300000e+03 6.4400000e+03 9.9542123e-01
6.4400000e+03 6.4500000e+03 9.9831620e-01
6.4500000e+03 6.4600000e+03 9.9865885e-01
6.4600000e+03 6.4700000e+03 9.9778396e-01
6.4700000e+03 6.4800000e+03 9.9618016e-01
6.4800000e+03 6.4900000e+03 9.9828270e-01
6.4900000e+03 6.5000000e+03 9.9721719e-01
6.5000000e+03 6.5100000e+03 9.9771684e-01
6.5100000e+03 6.5200000e+03 9.9899850e-01
6.5200000e+03 6.5300000e+03 9.9981035e-01
6.5300000e+03 6.5400000e+03 9.9975466e-01
6.5400000e+03 6.5500000e+03 9.9886493e-01
6.5500000e+03 6.5600000e+03 9.9887313e-01
6.5600000e+03 6.5700000e+03 9.9868276e-01
6.5700000e+03 6.5800000e+03 9.9818017e-01
6.5800000e+03 6.5900000e+03 9.9920380e-01
6.5900000e+03 6.6000000e+03 9.9678026e-01
6.6000000e+03 6.6100000e+03 9.9818906e-01
6.6100000e+03 6.6200000e+03 9.9961503e-01
6.6200000e+03 6.6300000e+03 9.9999927e-01
6.6300000e+03 6.6400000e+03 9.9986399e-01
6.6400000e+03 6.6500000e+03 9.9798447e-01
6.6500000e+03 6.6600000e+03 9.9967134e-01
6.6600000e+03 6.6700000e+03 9.9861096e-01
6.6700000e+03 6.6800000e+03 9.9808168e-01
6.6800000e+03 6.6900000e+03 9.9849504e-01
6.6900000e+03 6.7000000e+03 9.9968321e-01
6.7000000e+03 6.7100000e+03 9.9987355e-01
6.7100000e+03 6.7200000e+03 9.9871955e-01
6.7200000e+03 6.7300000e+03 9.9911262e-01
6.7300000e+03 6.7400000e+03 9.9920512e-01
6.7400000e+03 6.7500000e+03 1.0000774e+00
6.7500000e+03 6.7600000e+03 9.9853281e-01
6.7600000e+03 6.7700000e+03 9.9825827e-01
6.7700000e+03 6.7800000e+03 9.9813900e-01
6.7800000e+03 6.7900000e+03 9.9946228e-01
6.7900000e+03 6.8000000e+03 9.9967347e-01
6.8000000e+03 6.8100000e+03 9.9812815e-01
6.8100000e+03 6.8200000e+03 9.9916402e-01
6.8200000e+03 6.8300000e+03 9.9945493e-01
6.8300000e+03 6.8400000e+03 9.9956045e-01
6.8400000e+03 6.8500000e+03 9.9933650e-01
6.8500000e+03 6.8600000e+03 9.9892496e-01
6.8600000e+03 6.8700000e+03 9.9879203e-01
6.8700000e+03 6.8800000e+03 9.9896985e-01
6.8800000e+03 6.8900000e+03 1.0000577e+00
6.8900000e+03 6.9000000e+03 9.9950399e-01
6.9000000e+03 6.9100000e+03 9.9987891e-01
6.9100000e+03 6.9200000e+03 9.9950392e-01
6.9200000e+03 6.9300000e+03 9.9894296e-01
6.9300000e+03 6.9400000e+03 9.9951503e-01
6.9400000e+03 6.9500000e+03 9.9867412e-01
6.9500000e+03 6.9600000e+03 9.9932122e-01
6.9600000e+03 6.9700000e+03 9.9966479e-01
6.9700000e+03 6.9800000e+03 9.9944749e-01
6.9800000e+03 6.9900000e+03 9.9953040e-01
6.9900000e+03 7.0000000e+03 9.9927775e-01
7.0000000e+03 7.0100000e+03 9.9986918e-01
7.0100000e+03 7.0200000e+03 9.9962850e-01
7.0200000e+03 7.0300000e+03 9.9964674e-01
7.0300000e+03 7.0400000e+03 9.9933681e-01
7.0400000e+03 7.0500000e+03 9.9920451e-01
7.0500000e+03 7.0600000e+03 9.9993488e-01
7.0600000e+03 7.0700000e+03 9.9958964e-01
7.0700000e+03 7.0800000e+03 9.9965564e-01
7.0800000e+03 7.0900000e+03 9.9947611e-01
7.0900000e+03 7.1000000e+03 9.9893978e-01
7.1000000e+03 7.1100000e+03 9.9960798e-01
7.1100000e+03 7.1200000e+03 1.0008979e+00
7.1200000e+03 7.1300000e+03 9.9909418e-01
7.1300000e+03 7.1400000e+03 9.9851329e-01
7.1400000e+03 7.1500000e+03 9.9713049e-01
7.1500000e+03 7.1600000e+03 9.9892096e-01
7.1600000e+03 7.1700000e+03 9.9790836e-01
7.1700000e+03 7.1800000e+03 9.9949428e-01
7.1800000e+03 7.1900000e+03 9.9876426e-01
7.1900000e+03 7.2000000e+03 9.9892512e-01
7.2000000e+03 7.2100000e+03 9.9804024e-01
7.2100000e+03 7.2200000e+03 9.9964510e-01
7.2200000e+03 7.2300000e+03 9.9887598e-01
7.2300000e+03 7.2400000e+03 9.9940634e-01
7.2400000e+03 7.2500000e+03 9.9884000e-01
7.2500000e+03 7.2600000e+03 9.9965146e-01
7.2600000e+03 7.2700000e+03 9.9897231e-01
7.2700000e+03 7.2800000e+03 9.9894351e-01
7.2800000e+03 7.2900000e+03 9.9886439e-01
7.2900000e+03 7.3000000e+03 9.9846999e-01
7.3000000e+03 7.3100000e+03 9.9894607e-01
7.3100000e+03 7.3200000e+03 9.9907176e-01
7.3200000e+03 7.3300000e+03 9.9687889e-01
7.3300000e+03 7.3400000e+03 9.9907284e-01
7.3400000e+03 7.3500000e+03 9.9988442e-01
7.3500000e+03 7.3600000e+03 9.9910849e-01
7.3600000e+03 7.3700000e+03 9.9963061e-01
7.3700000e+03 7.3800000e+03 9.9931206e-01
7.3800000e+03 7.3900000e+03 9.9932739e-01
7.3900000e+03 7.4000000e+03 9.9890838e-01
7.4000000e+03 7.4100000e+03 9.9743882e-01
7.4100000e+03 7.4200000e+03 9.9860603e-01
7.4200000e+03 7.4300000e+03 9.9794785e-01
7.4300000e+03 7.4400000e+03 9.9891302e-01
7.4400000e+03 7.4500000e+03 9.9873571e-01
7.4500000e+03 7.4600000e+03 9.9962940e-01
7.4600000e+03 7.4700000e+03 9.9833261e-01
7.4700000e+03 7.4800000e+03 9.9962604e-01
7.4800000e+03 7.4900000e+03 1.0002075e+00
7.4900000e+03 7.5000000e+03 9.9739471e-01
7.5000000e+03 7.5100000e+03 9.9932503e-01
7.5100000e+03 7.5200000e+03 9.9759686e-01
7.5200000e+03 7.5300000e+03 9.9701676e-01
7.5300000e+03 7.5400000e+03 9.9904817e-01
7.5400000e+03 7.5500000e+03 9.9951921e-01
7.5500000e+03 7.5600000e+03 9.9919612e-01
7.5600000e+03 7.5700000e+03 9.9890667e-01
7.5700000e+03 7.5800000e+03 9.9857698e-01
7.5800000e+03 7.5900000e+03 9.9734283e-01
7.5900000e+03 7.6000000e+03 9.9956818e-01
7.6000000e+03 7.6100000e+03 1.0001321e+00
7.6100000e+03 7.6200000e+03 9.9689381e-01
7.6200000e+03 7.6300000e+03 9.9864814e-01
7.6300000e+03 7.6400000e+03 9.9936546e-01
7.6400000e+03 7.6500000e+03 9.9993085e-01
7.6500000e+03 7.6600000e+03 9.9900898e-01
7.6600000e+03 7.6700000e+03 9.9735635e-01
7.6700000e+03 7.6800000e+03 9.9933147e-01
7.6800000e+03 7.6900000e+03 9.9980236e-01
7.6900000e+03 7.7000000e+03 9.9891499e-01
7.7000000e+03 7.7100000e+03 9.9960105e-01
7.7100000e+03 7.7200000e+03 9.9925224e-01
7.7200000e+03 7.7300000e+03 9.9816317e-01
7.7300000e+03 7.7400000e+03 9.9939132e-01
7.7400000e+03 7.7500000e+03 9.9867625e-01
7.7500000e+03 7.7600000e+03 9.9878649e-01
7.7600000e+03 7.7700000e+03 9.9981353e-01
7.7700000e+03 7.7800000e+03 9.9957806e-01
7.7800000e+03 7.7900000e+03 9.9906943e-01
7.7900000e+03 7.8000000e+03 9.9866795e-01
7.8000000e+03 7.8100000e+03 9.9920336e-01
7.8100000e+03 7.8200000e+03 9.9957789e-01
7.8200000e+03 7.8300000e+03 9.9874520e-01
7.8300000e+03 7.8400000e+03 9.9891503e-01
7.8400000e+03 7.8500000e+03 9.9917299e-01
7.8500000e+03 7.8600000e+03 9.9844966e-01
7.8600000e+03 7.8700000e+03 9.9964292e-01
7.8700000e+03 7.8800000e+03 1.0000456e+00
7.8800000e+03 7.8900000e+03 1.0000990e+00
7.8900000e+03 7.9000000e+03 9.9996502e-01
7.9000000e+03 7.9100000e+03 9.9984354e-01
7.9100000e+03 7.9200000e+03 1.0004154e+00
7.9200000e+03 7.9300000e+03 9.9969415e-01
7.9300000e+03 7.9400000e+03 9.9876922e-01
7.9400000e+03 7.9500000e+03 9.9830253e-01
7.9500000e+03 7.9600000e+03 9.9939588e-01
7.9600000e+03 7.9700000e+03 9.9961397e-01
7.9700000e+03 7.9800000e+03 9.9999218e-01
7.9800000e+03 7.9900000e+03 9.9992607e-01
7.9900000e+03 8.0000000e+03 9.9702388e-01
8.0000000e+03 8.0100000e+03 9.9910103e-01
8.0100000e+03 8.0200000e+03 1.0000527e+00
8.0200000e+03 8.0300000e+03 9.9944936e-01
8.0300000e+03 8.0400000e+03 9.9903769e-01
8.0400000e+03 8.0500000e+03 9.9851138e-01
8.0500000e+03 8.0600000e+03 9.9939762e-01
8.0600000e+03 8.0700000e+03 9.9973472e-01
8.0700000e+03 8.0800000e+03 1.0001910e+00
8.0800000e+03 8.0900000e+03 9.9887834e-01
8.0900000e+03 8.1000000e+03 9.9860128e-01
8.1000000e+03 8.1100000e+03 9.9949214e-01
8.1100000e+03 8.1200000e+03 1.0001003e+00
8.1200000e+03 8.1300000e+03 9.9978724e-01
8.1300000e+03 8.1400000e+03 9.9996551e-01
8.1400000e+03 8.1500000e+03 1.0000151e+00
8.1500000e+03 8.1600000e+03 9.9996345e-01
8.1600000e+03 8.1700000e+03 9.9958193e-01
8.1700000e+03 8.1800000e+03 9.9964233e-01
8.1800000e+03 8.1900000e+03 9.9980957e-01
8.1900000e+03 8.2000000e+03 9.9863474e-01
8.2000000e+03 8.2100000e+03 9.9901360e-01
8.2100000e+03 8.2200000e+03 9.9881595e-01
8.2200000e+03 8.2300000e+03 9.9528156e-01
8.2300000e+03 8.2400000e+03 9.9876873e-01
8.2400000e+03 8.2500000e+03 9.9929730e-01
8.2500000e+03 8.2600000e+03 9.9983064e-01
8.2600000e+03 8.2700000e+03 9.9954815e-01
8.2700000e+03 8.2800000e+03 9.9983902e-01
8.2800000e+03 8.2900000e+03 9.9999056e-01
8.2900000e+03 8.3000000e+03 9.9935228e-01
8.3000000e+03 8.3100000e+03 9.9923042e-01
8.3100000e+03 8.3200000e+03 9.9959422e-01
8.3200000e+03 8.3300000e+03 9.9371828e-01
8.3300000e+03 8.3400000e+03 9.9844006e-01
8.3400000e+03 8.3500000e+03 9.9932733e-01
8.3500000e+03 8.3600000e+03 9.9967763e-01
8.3600000e+03 8.3700000e+03 9.9912576e-01
8.3700000e+03 8.3800000e+03 9.9933386e-01
8.3800000e+03 8.3900000e+03 9.9475786e-01
8.3900000e+03 8.4000000e+03 9.9961147e-01
8.4000000e+03 8.4100000e+03 9.9944021e-01
8.4100000e+03 8.4200000e+03 9.9937286e-01
8.4200000e+03 8.4300000e+03 9.9960439e-01
8.4300000e+03 8.4400000e+03 9.9908241e-01
8.4400000e+03 8.4500000e+03 9.9943186e-01
8.4500000e+03 8.4600000e+03 9.9977520e-01
8.4600000e+03 8.4700000e+03 9.9639284e-01
8.4700000e+03 8.4800000e+03 9.9812889e-01
8.4800000e+03 8.4900000e+03 9.9933086e-01
8.4900000e+03 8.5000000e+03 9.9595715e-01
8.5000000e+03 8.5100000e+03 9.9819851e-01
8.5100000e+03 8.5200000e+03 9.9740791e-01
8.5200000e+03 8.5300000e+03 9.9759488e-01
8.5300000e+03 8.5400000e+03 9.9962004e-01
8.5400000e+03 8.5500000e+03 9.9723599e-01
8.5500000e+03 8.5600000e+03 9.9807937e-01
8.5600000e+03 8.5700000e+03 9.9963420e-01
8.5700000e+03 8.5800000e+03 1.0000189e+00
8.5800000e+03 8.5900000e+03 9.9869266e-01
8.5900000e+03 8.6000000e+03 9.9925291e-01
8.6000000e+03 8.6100000e+03 9.9983041e-01
8.6100000e+03 8.6200000e+03 9.9756637e-01
8.6200000e+03 8.6300000e+03 9.9789782e-01
8.6300000e+03 8.6400000e+03 9.9937336e-01
8.6400000e+03 8.6500000e+03 9.9925035e-01
8.6500000e+03 8.6600000e+03 9.9923600e-01
8.6600000e+03 8.6700000e+03 9.9758633e-01
8.6700000e+03 8.6800000e+03 9.9774313e-01
8.6800000e+03 8.6900000e+03 9.9619883e-01
8.6900000e+03 8.7000000e+03 9.9845803e-01
8.7000000e+03 8.7100000e+03 9.9944126e-01
8.7100000e+03 8.7200000e+03 9.9965769e-01
8.7200000e+03 8.7300000e+03 9.9964284e-01
8.7300000e+03 8.7400000e+03 9.9797785e-01
8.7400000e+03 8.7500000e+03 9.9869122e-01
8.7500000e+03 8.7600000e+03 9.9808250e-01
8.7600000e+03 8.7700000e+03 9.9972586e-01
8.7700000e+03 8.7800000e+03 9.9891246e-01
8.7800000e+03 8.7900000e+03 9.9940876e-01
8.7900000e+03 8.8000000e+03 9.9914794e-01
8.8000000e+03 8.8100000e+03 9.9641172e-01
8.8100000e+03 8.8200000e+03 9.9887409e-01
8.8200000e+03 8.8300000e+03 9.9287251e-01
8.8300000e+03 8.8400000e+03 9.9787139e-01
8.8400000e+03 8.8500000e+03 9.9869408e-01
8.8500000e+03 8.8600000e+03 9.9970140e-01
8.8600000e+03 8.8700000e+03 9.9855739e-01
8.8700000e+03 8.8800000e+03 9.9960629e-01
8.8800000e+03 8.8900000e+03 9.9966125e-01
8.8900000e+03 8.9000000e+03 9.9985713e-01
8.9000000e+03 8.9100000e+03 9.9962268e-01
8.9100000e+03 8.9200000e+03 9.9935638e-01
8.9200000e+03 8.9300000e+03 9.9925380e-01
8.9300000e+03 8.9400000e+03 9.9945048e-01
8.9400000e+03 8.9500000e+03 9.9934666e-01
8.9500000e+03 8.9600000e+03 9.9948475e-01
8.9600000e+03 8.9700000e+03 9.9981837e-01
8.9700000e+03 8.9800000e+03 9.9936564e-01
8.9800000e+03 8.9900000e+03 9.9969079e-01
8.9900000e+03 9.0000000e+03 9.9382439e-01
9.0000000e+03 9.0100000e+03 9.9759663e-01
9.0100000e+03 9.0200000e+03 9.9869877e-01
9.0200000e+03 9.0300000e+03 9.9934687e-01
9.0300000e+03 9.0400000e+03 9.9969042e-01
9.0400000e+03 9.0500000e+03 9.9961586e-01
9.0500000e+03 9.0600000e+03 9.9996489e-01
9.0600000e+03 9.0700000e+03 9.9911259e-01
9.0700000e+03 9.0800000e+03 9.9971469e-01
9.0800000e+03 9.0900000e+03 9.9692407e-01
9.0900000e+03 9.1000000e+03 0.0000000e+00
